##FastQC	0.11.9
>>Basic Statistics	pass
#Measure	Value
Filename	trimmed_control2.fastq
File type	Conventional base calls
Encoding	Sanger / Illumina 1.9
Total Sequences	7175812
Sequences flagged as poor quality	0
Sequence length	18-25
%GC	49
>>END_MODULE
>>Per base sequence quality	pass
#Base	Mean	Median	Lower Quartile	Upper Quartile	10th Percentile	90th Percentile
1	30.0	30.0	30.0	30.0	30.0	30.0
2	30.0	30.0	30.0	30.0	30.0	30.0
3	30.0	30.0	30.0	30.0	30.0	30.0
4	30.0	30.0	30.0	30.0	30.0	30.0
5	30.0	30.0	30.0	30.0	30.0	30.0
6	30.0	30.0	30.0	30.0	30.0	30.0
7	30.0	30.0	30.0	30.0	30.0	30.0
8	30.0	30.0	30.0	30.0	30.0	30.0
9	30.0	30.0	30.0	30.0	30.0	30.0
10	30.0	30.0	30.0	30.0	30.0	30.0
11	30.0	30.0	30.0	30.0	30.0	30.0
12	30.0	30.0	30.0	30.0	30.0	30.0
13	30.0	30.0	30.0	30.0	30.0	30.0
14	30.0	30.0	30.0	30.0	30.0	30.0
15	30.0	30.0	30.0	30.0	30.0	30.0
16	30.0	30.0	30.0	30.0	30.0	30.0
17	30.0	30.0	30.0	30.0	30.0	30.0
18	30.0	30.0	30.0	30.0	30.0	30.0
19	30.0	30.0	30.0	30.0	30.0	30.0
20	30.0	30.0	30.0	30.0	30.0	30.0
21	30.0	30.0	30.0	30.0	30.0	30.0
22	30.0	30.0	30.0	30.0	30.0	30.0
23	30.0	30.0	30.0	30.0	30.0	30.0
24	30.0	30.0	30.0	30.0	30.0	30.0
25	30.0	30.0	30.0	30.0	30.0	30.0
>>END_MODULE
>>Per sequence quality scores	pass
#Quality	Count
30	7175812.0
>>END_MODULE
>>Per base sequence content	fail
#Base	G	A	T	C
1	2.7244721572973205	18.60356709456714	68.18305719269122	10.488903555444317
2	18.071243305976584	18.37784309604889	16.175636904240974	47.375276693733554
3	14.62655376144191	26.363511195666778	21.74273796470699	37.267197078184324
4	24.758068989044578	23.21255619229394	10.643905367564285	41.3854694510972
5	20.684362968260594	39.052193675085135	26.54360231288111	13.719841043773165
6	45.576223793376215	16.003565477746704	21.7157300783948	16.70448065048228
7	12.196940701526193	36.70022214522204	23.40861200911105	27.69422514414072
8	37.99936090722745	20.585337071268878	16.017147642275834	25.39815437922784
9	21.522428402527826	40.08067658405767	27.577046332874943	10.819848680539568
10	12.587899460019297	28.726546905074997	20.41745240817346	38.26810122673225
11	22.321195148367877	7.221356969775686	13.8197321780448	56.637715703811644
12	17.120640841761183	11.916463251824323	18.793148426965477	52.169747479449015
13	26.356125271955282	14.06778772910996	37.63614487113096	21.939942127803793
14	28.747757048261573	34.31416542127915	20.259560869208947	16.678516661250324
15	28.122921837974573	35.48734275647132	21.822840397713875	14.566895007840227
16	11.521176976208407	22.77977739662076	18.86111286081631	46.83793276635452
17	15.685597671733875	17.099472505689945	51.3292572324916	15.88567259008458
18	17.897096523710488	9.380903513079774	39.3267828086912	33.39521715451854
19	40.30422801045749	10.30943347586968	30.38633297745382	19.000005536219007
20	30.319840834493245	8.456322695497994	39.100134782046766	22.12370168796199
21	25.35770424979778	12.878036644749228	36.09764418513097	25.666614920322022
22	21.32238824347756	26.136976571308328	45.23507715378657	7.305558031427545
23	13.695093901691605	26.967169945865834	32.49803667514139	26.839699477301167
24	5.310167702889982	28.707994812526223	51.857096540412705	14.124740944171085
25	6.871301718964823	17.845938822171075	47.42459114767298	27.858168311191122
>>END_MODULE
>>Per sequence GC content	warn
#GC Content	Count
0	3227.0
1	3227.0
2	2473.0
3	991.0
4	263.0
5	263.0
6	266.5
7	289.5
8	442.0
9	575.0
10	562.0
11	525.5
12	501.5
13	447.5
14	358.5
15	348.0
16	389.5
17	428.5
18	627.0
19	974.0
20	1340.5
21	2087.0
22	2683.0
23	3019.5
24	3845.0
25	5418.5
26	6732.0
27	7416.5
28	10568.0
29	13778.0
30	30198.0
31	74123.5
32	102098.0
33	157835.5
34	286812.5
35	361051.5
36	369624.5
37	358955.0
38	345803.5
39	441522.0
40	637326.0
41	776362.0
42	820127.5
43	961049.0
44	1067188.0
45	1269864.0
46	1572344.5
47	1652004.5
48	1965705.0
49	2274674.0
50	2254676.5
51	2234679.0
52	1849703.0
53	1430495.0
54	1271775.5
55	1012552.5
56	848321.5
57	803629.0
58	768699.5
59	733153.5
60	723947.0
61	617632.0
62	503228.5
63	432054.0
64	318786.0
65	271285.5
66	239063.0
67	191751.0
68	166785.5
69	145878.5
70	98623.0
71	61251.0
72	55244.0
73	51087.5
74	40414.5
75	27567.5
76	21715.5
77	21231.0
78	22142.5
79	22870.0
80	20698.0
81	17170.5
82	14182.0
83	11355.5
84	9551.5
85	8815.5
86	7622.5
87	6031.0
88	4500.0
89	3351.0
90	2833.5
91	2671.0
92	2262.0
93	1478.0
94	1035.5
95	968.0
96	968.0
97	747.0
98	306.0
99	86.0
100	86.0
>>END_MODULE
>>Per base N content	pass
#Base	N-Count
1	0.0
2	1.1148564092816256E-4
3	0.0
4	8.361423069612192E-5
5	0.0
6	0.0046823969189828275
7	0.01708517447224091
8	2.090355767403048E-4
9	0.0
10	0.0
11	0.0
12	0.0
13	0.0
14	0.0
15	0.0
16	0.0
17	0.0
18	0.0
19	1.5614952310516103E-4
20	0.0
21	0.0
22	0.0
23	0.0
24	0.0
25	0.0
>>END_MODULE
>>Sequence Length Distribution	warn
#Length	Count
18	131282.0
19	328502.0
20	718825.0
21	1644079.0
22	2636648.0
23	1087268.0
24	497559.0
25	131649.0
>>END_MODULE
>>Sequence Duplication Levels	fail
#Total Deduplicated Percentage	2.0751947649342775
#Duplication Level	Percentage of deduplicated	Percentage of total
1	56.42831216787359	1.1709973800484847
2	15.280155537841104	0.6341859755901872
3	6.816852110629807	0.4243888743993046
4	3.984926057072221	0.3307799076914586
5	2.658298605141859	0.27582436745112393
6	2.0097132038262626	0.2502327791759733
7	1.5310201372007106	0.22240154816095115
8	1.1294165310117092	0.1875007418068585
9	0.9724942278338523	0.18163034374766512
>10	6.745009885191834	2.709056549538131
>50	0.8760036869048945	1.2866057836540228
>100	1.0023956233117404	4.486085481762822
>500	0.20572304542816397	3.0263696941662794
>1k	0.2487500876092179	11.380587610897434
>5k	0.04638852985144875	6.689903627537495
>10k+	0.06454056327158086	66.7434493343718
>>END_MODULE
>>Overrepresented sequences	fail
#Sequence	Count	Percentage	Possible Source
TCCCTGAGACCCTAACTTGTGA	493481	6.8770056963588235	No Hit
TCACAGTGAACCGGTCTCTTT	343744	4.790315019401289	No Hit
TCCCTGAGACCCTAACTTGT	173891	2.423293698329889	No Hit
TCCCTGAGACCCTAACTTGTG	171085	2.3841901097743365	No Hit
TTTGAACCATCACTCGACTCCT	164559	2.2932456981871874	No Hit
TTCAAGTAATCCAGGATAGGCT	161466	2.250142562263337	No Hit
TAAGGCACGCGGTGAATGC	155079	2.161135213687315	No Hit
TCACAGTGAACCGGTCTCTTTT	144259	2.0103508843319755	No Hit
ACTAATCCTAGCCCTAGCCCT	143833	2.0044142739525506	No Hit
TCGGATCCGTCTGAGCTTGGCT	125778	1.7528051180828035	No Hit
TCGGATCCGTCTGAGCTTGG	122337	1.704852356778578	No Hit
TGTAAACATCCTACACTCTCAGCT	104575	1.457326362507825	No Hit
TCCCTGAGACCCTTTAACCTGT	84672	1.1799640235836726	No Hit
TCTTTGGTTATCTAGCTGTATGA	76545	1.0667085481057754	No Hit
TCCCTGAGACCCTAACTTGTGAA	75887	1.0575388541394342	No Hit
TTTGAACCATCACTCGACTCC	64004	0.8919408702457646	No Hit
TCTACAGTGCACGTGTCTCCAGT	62705	0.8738383893000541	No Hit
TAGCACCATCTGAAATCGGTT	61764	0.860724890785879	No Hit
CACCCGTAGAACCGACCTTGCG	59604	0.8306237677352751	No Hit
TCCCTGAGACCCTTTAACCTGTG	57873	0.806501062179444	No Hit
ACTAATCCTAGCCCTAGCCC	57835	0.8059715053850351	No Hit
TGTAAACATCCTACACTCTCAGC	57001	0.7943491273182742	No Hit
TCGGATCCGTCTGAGCTTGGC	55354	0.7713970209921888	No Hit
TCCCGGAGACCCTAACTTGTGA	55223	0.76957144362199	No Hit
TGAGGTAGTAGTTTGTACAGTT	52981	0.7383275927518725	No Hit
TGAGGTAGTAGGTTGTATGGTT	52594	0.7329344748719726	No Hit
CAACGGAATCCCAAAAGCAGCT	51296	0.7148459296313783	No Hit
TTAAGGCACGCGGTGAATGC	51088	0.7119473029672461	No Hit
AACCCGTAGATCCGATCTTGT	49987	0.6966040916345076	No Hit
TCCCTGAGACCCTTTAACCTGTGA	49164	0.685135006324023	No Hit
TCTTTGGTTATCTAGCTGTATG	46143	0.6430352411685256	No Hit
CTGGCCCTCTCTGCCCTTCCGT	44541	0.620710241572661	No Hit
TGAGGTAGTAGGTTGTATAGTT	40108	0.558933260793343	No Hit
AAGCCCTTACCCCAAAAAGCAT	39130	0.5453041411898751	No Hit
AGCTACATTGTCTGCTGGGTTTC	38493	0.5364270970309701	No Hit
AGCAGCATTGTACAGGGCTATGA	38400	0.5351310764551803	No Hit
TAACAGTCTACAGCCATGGTCG	34902	0.48638397995934113	No Hit
ATCATGATGGGCTCCTCGGTGT	34662	0.4830394107314963	No Hit
TGTAAACATCCCCGACTGGAAGCT	34620	0.4824541111166235	No Hit
TCTTTGGTTATCTAGCTGTAT	32539	0.45345390877018515	No Hit
CCCTGAGACCCTAACTTGTGA	30570	0.4260145053967412	No Hit
TAGCACCATCTGAAATCGGTTA	28441	0.39634538920473394	No Hit
TCACAGTGAACCGGTCTCTT	28298	0.394352583373143	No Hit
TTCACAGTGGCTAAGTTCTGC	28185	0.39277784869503274	No Hit
CAACGGAATCCCAAAAGCAGCTG	28136	0.3920949991443477	No Hit
TTCAAGTAATCCAGGATAGGC	27940	0.3893636009416077	No Hit
ACTAATCCTAGCCCTAGCCCTACA	25770	0.35912312083984366	No Hit
AGAGGTAGTAGGTTGCATAGTT	25466	0.35488666648457345	No Hit
TCACAGTGAACCGGTCTCTTTA	24791	0.3454800655312597	No Hit
CACCCGTAGAACCGACCTTGC	24262	0.338108077524885	No Hit
CTATACGACCTGCTGCCTTTCT	24218	0.3374949064997801	No Hit
TCCCTGAGACCCTAACTTGTGT	24179	0.3369514140002553	No Hit
TCGAGGAGCTCACAGTCTAGT	24156	0.33663089278258684	No Hit
TTCCCTTTGTCATCCTATGCCT	24072	0.3354602935528411	No Hit
AACATTCAACGCTGTCGGTGAGT	23605	0.32895231926365964	No Hit
ACTAATCCTAGCCCTAGCCCTA	23577	0.32856211952041103	No Hit
CTTTTTGCGGTCTGGGCTTGC	22684	0.3161175348518049	No Hit
TCACAGTGAACCGGTCTCTTTC	21044	0.2932629784615316	No Hit
AGCTACATTGTCTGCTGGGTTT	20978	0.2923432219238743	No Hit
AACCCGTAGATCCGATCTTGTG	19740	0.27509081899024107	No Hit
TGAGGTAGTAGATTGTATAGTT	19590	0.27300046322283805	No Hit
TGAGGTAGTAGGTTGTGTGGTT	19366	0.2698788652768495	No Hit
TCCCTGAGACCCTAACTTGTGAAA	19199	0.2675516025224741	No Hit
TTCAAGTAATCCAGGATAGGCTT	18713	0.26077884983608823	No Hit
TCGGATCCGTCTGAGCTTGGCTT	18548	0.25847945849194487	No Hit
TGAGGTAGTAGTTTGTGCTGTT	18347	0.25567838176362484	No Hit
ACTAATCCTAGCCCTAGCCCTACAC	18077	0.2519157413822993	No Hit
TGTAAACATCCCCGACTGGAAGC	17619	0.245533188439162	No Hit
ACCATTCGTAGACGACCTGCTTC	17040	0.23746441517698622	No Hit
TCTACAGTGCACGTGTCTCCA	17012	0.23707421543373766	No Hit
AACCCGTAGATCCGAACTTGTG	16652	0.23205736159197035	No Hit
AGCTACATCTGGCTACTGGGTCT	16137	0.22488047345721987	No Hit
ACTAATCCTAGCCCTAGCCCTAC	15953	0.22231630371587216	No Hit
CTAGCACCATCTGAAATCGGTT	15804	0.22023988365358513	No Hit
TCTACAGTGCACGTGTCTCC	15230	0.21224078891698947	No Hit
TGTAAACATCCCCGACTGGAA	14539	0.20261121668181942	No Hit
AGCTACATCTGGCTACTGGGTCTC	14452	0.20139881033672566	No Hit
TGCGGGGCTAGGGCTAACAGC	14083	0.19625653514891414	No Hit
TATTGCACTCGTCCCGGCCTCC	13753	0.19165775246062744	No Hit
TCGGATCCGTCTGAGCTTGGCTAT	13493	0.18803446913046218	No Hit
TGAGGTAGTAGTTTGTACAGT	13373	0.18636218451653974	No Hit
TGGCTCAGTTCAGCAGGAAC	13007	0.1812617164440763	No Hit
AACCCGTAGATCCGAACTTGT	12822	0.17868361099761254	No Hit
TCACAGTGAACCGGTCTCTTTTT	12652	0.17631454112788908	No Hit
AACATTCAACGCTGTCGGTGAG	12492	0.17408482830932584	No Hit
TCCCGGAGACCCTAACTTGTG	12095	0.16855235337826577	No Hit
TCTACAGTGCACGTGTCTCCAG	11902	0.16586276229087385	No Hit
TAATGTGAATTGCAGGACA	11393	0.1587694883868195	No Hit
TCTGGCTCCGTGTCTTCACTCCC	11382	0.15861619563054327	No Hit
TCTCACACAGAAATCGCACCCGT	11191	0.1559544759533834	No Hit
TGTAAACATCCCCGACTGGA	11039	0.1538362487757483	No Hit
TGAGGTAGTAGGTTGTATGGT	11037	0.15380837736551628	No Hit
AACCCGTAGATCCGATCTTGTGA	10912	0.15206641422601372	No Hit
TCTCACACAGAAATCGCACCCGTC	10889	0.15174589300834526	No Hit
TGAGGTAGTAGGTTGTATAGT	10536	0.14682658910239008	No Hit
TCTTTGGTTATCTAGCTGTATGT	10325	0.1438861553229098	No Hit
TCCCTGAGACCCTAACTTG	9901	0.13797741635371716	No Hit
CAACGGAATCCCAAAAGCAGC	9690	0.13503698257423688	No Hit
TGTCTGCCCGAGTGCCTGCCTCT	9687	0.13499517545888884	No Hit
AAGCTGCCAGTTGAAGAACTGT	9612	0.1339499975751873	No Hit
TGAGGTAGGAGGTTGTATAGTT	9517	0.13262610558916538	No Hit
GCCTGCTGGGGTGGAACCTGGT	9319	0.12986683597619336	No Hit
ATCACATTGCCAGGGATTACCACT	9153	0.12755350892693398	No Hit
TCGGATCCGTCTGAGCTTGGA	9091	0.1266894952097407	No Hit
CTGGCCCTCTCTGCCCTTCCGTT	8859	0.12345641162282402	No Hit
TGAGGTAGTAGGTTGTGTGGTTT	8662	0.120711077714968	No Hit
TACGCCTGTCTGAGCGTCGCT	8657	0.1206413991893879	No Hit
TAAGGCACGCGGTGAATGA	8613	0.12002822816428302	No Hit
TGTAAACATCCCCGACTGGAAG	8545	0.11908060021639363	No Hit
TCCCGGAGACCCTAACTTGTGAA	8513	0.11863465765268098	No Hit
AGCTACATCTGGCTACTGGGTCTCT	8400	0.11705992297457068	No Hit
TCGGATCCGTCTGAGCTTGGCTA	8248	0.11494169579693558	No Hit
AGAATTGTGGCTGGACATCTGT	8141	0.11345057534952142	No Hit
GGAATACCGGGTGCTGTAGGCTTT	8082	0.11262836874767622	No Hit
TCGGATCCGTCTGAGCTTGGCAT	7919	0.11035684881376491	No Hit
AGAGGTAGTAGGTTGCATAGT	7798	0.10867062849472646	No Hit
TCCCTGAGACCCTTTAACCTG	7670	0.10688685823987586	No Hit
TAGCACCATCTGAAATCGGT	7618	0.10616220157384279	No Hit
TCGGATCCGTCTGAGCTTGGT	7559	0.10533999497199759	No Hit
TTCCCTTTGTCATCCTATGCCTG	7457	0.10391855305016352	No Hit
TCAGGCTCAGTCCCCTCCCGAT	7388	0.10295698939715811	No Hit
TGAGATGAAGCACTGTAGCTCT	7372	0.1027340181153018	No Hit
AAACATTCGCGGTGCACTTCTT	7340	0.10228807555158914	No Hit
AACATTCAACGCTGTCGGTGA	7218	0.10058791952743468	No Hit
>>END_MODULE
>>Adapter Content	pass
#Position	Illumina Universal Adapter	Illumina Small RNA 3' Adapter	Illumina Small RNA 5' Adapter	Nextera Transposase Sequence	SOLID Small RNA Adapter
1	0.0	1.393570511602032E-5	0.0	0.0	0.0
2	0.0	4.180711534806096E-5	0.0	0.0	0.0
3	0.0	4.180711534806096E-5	0.0	0.0	0.0
4	0.0	8.361423069612192E-5	0.0	0.0	0.0
5	0.0	8.361423069612192E-5	0.0	0.0	0.0
6	0.0	8.361423069612192E-5	0.0	0.0	0.0
7	0.0	8.361423069612192E-5	0.0	0.0	4.180711534806096E-5
8	0.0	8.361423069612192E-5	0.0	0.0	4.180711534806096E-5
9	0.0	8.361423069612192E-5	0.0	0.0	4.180711534806096E-5
10	0.0	8.361423069612192E-5	0.0	0.0	4.180711534806096E-5
11	0.0	8.361423069612192E-5	0.0	0.0	4.180711534806096E-5
12	0.0	8.361423069612192E-5	0.0	0.0	4.180711534806096E-5
13	0.0	8.361423069612192E-5	0.0	0.0	4.180711534806096E-5
14	0.0	8.361423069612192E-5	0.0	0.0	4.180711534806096E-5
>>END_MODULE
