##FastQC	0.11.9
>>Basic Statistics	pass
#Measure	Value
Filename	trimmed_control3.fastq
File type	Conventional base calls
Encoding	Sanger / Illumina 1.9
Total Sequences	7223056
Sequences flagged as poor quality	0
Sequence length	18-25
%GC	49
>>END_MODULE
>>Per base sequence quality	pass
#Base	Mean	Median	Lower Quartile	Upper Quartile	10th Percentile	90th Percentile
1	36.615881975717755	37.0	37.0	37.0	37.0	37.0
2	36.54213867371373	37.0	37.0	37.0	37.0	37.0
3	36.590551976891774	37.0	37.0	37.0	37.0	37.0
4	36.56089112420006	37.0	37.0	37.0	37.0	37.0
5	35.25999327708383	37.0	37.0	37.0	25.0	37.0
6	36.50243636488489	37.0	37.0	37.0	37.0	37.0
7	36.427392643778475	37.0	37.0	37.0	37.0	37.0
8	36.387627342221904	37.0	37.0	37.0	37.0	37.0
9	36.02194029784623	37.0	37.0	37.0	37.0	37.0
10	36.52586079908559	37.0	37.0	37.0	37.0	37.0
11	36.573048305315645	37.0	37.0	37.0	37.0	37.0
12	36.56513309601919	37.0	37.0	37.0	37.0	37.0
13	36.554858497566684	37.0	37.0	37.0	37.0	37.0
14	36.619977749030326	37.0	37.0	37.0	37.0	37.0
15	36.60965497152452	37.0	37.0	37.0	37.0	37.0
16	36.52989787148265	37.0	37.0	37.0	37.0	37.0
17	36.444841629360205	37.0	37.0	37.0	37.0	37.0
18	36.48903455822577	37.0	37.0	37.0	37.0	37.0
19	36.44681919519832	37.0	37.0	37.0	37.0	37.0
20	36.44665900295823	37.0	37.0	37.0	37.0	37.0
21	36.529674496836954	37.0	37.0	37.0	37.0	37.0
22	36.567123062391154	37.0	37.0	37.0	37.0	37.0
23	36.565887999198026	37.0	37.0	37.0	37.0	37.0
24	36.58578048920503	37.0	37.0	37.0	37.0	37.0
25	36.57101161958258	37.0	37.0	37.0	37.0	37.0
>>END_MODULE
>>Per sequence quality scores	pass
#Quality	Count
16	1.0
17	1.0
18	0.0
19	4.0
20	15.0
21	33.0
22	86.0
23	284.0
24	907.0
25	1788.0
26	4186.0
27	9336.0
28	16002.0
29	26025.0
30	42330.0
31	63061.0
32	76658.0
33	113752.0
34	182052.0
35	772439.0
36	1206874.0
37	4707222.0
>>END_MODULE
>>Per base sequence content	fail
#Base	G	A	T	C
1	2.4151965594618123	17.66687119690059	70.6853996424782	9.232532601159399
2	17.866359390860694	20.1256284746431	15.365502411448691	46.64250972304752
3	13.362045095593885	25.48893432364362	20.497099842504333	40.651920738258156
4	22.587257508812762	25.015651291712665	9.217177905277081	43.17991329419749
5	19.08656114531024	37.99837631052563	29.751700665203206	13.163361878960927
6	48.30329284245107	16.71190369911734	20.031065962072887	14.953737496358702
7	10.328565037206113	38.81157279829383	23.29899331149851	27.560868853001548
8	38.567715846909806	25.37431628473124	12.975624100447513	23.082343767911443
9	21.581377743714018	42.42704196118651	26.72813280140705	9.26344749369242
10	11.185985544068881	26.846102259209953	19.596082323049966	42.3718298736712
11	20.51439169238062	6.948347070824316	13.35984381126216	59.17741742553291
12	15.88834421330805	10.425144149512338	18.939144317862137	54.747367319317476
13	23.611626436234193	16.18960174197736	39.26879426104408	20.929977560744373
14	29.965529825602903	37.50775295110546	18.026289703416392	14.500427519875245
15	27.35768627572595	41.60820572345002	19.349510788785246	11.684597212038783
16	9.704410432371008	23.509384393530937	17.890142344182298	48.896062829915756
17	14.34217040543504	15.375638787792866	55.32287164878689	14.959319157985206
18	17.842004824550717	10.259383285966495	41.80795497085998	30.09065691862281
19	43.80393337136968	10.082715800809536	29.87815113211156	16.23519969570922
20	33.050855967541736	8.050895988806852	38.68244465022651	20.2158033934249
21	27.146177191829285	14.446036776454877	32.27990259826492	26.127883433450922
22	22.909107973694763	28.840224397275456	41.69694988894133	6.5537177400884525
23	11.95273360650602	27.87148352818816	32.54679648634763	27.62898637895819
24	4.639854501427326	27.363960400173266	56.26236189899644	11.733823199402977
25	6.990335370890468	17.695770692218733	49.864392312352	25.449501624538794
>>END_MODULE
>>Per sequence GC content	warn
#GC Content	Count
0	1972.0
1	1972.0
2	1415.5
3	521.5
4	184.0
5	184.0
6	181.0
7	190.0
8	268.0
9	334.0
10	342.5
11	336.0
12	314.0
13	270.0
14	214.0
15	209.0
16	239.5
17	275.5
18	384.0
19	560.0
20	773.0
21	1333.5
22	1803.0
23	1990.0
24	2368.5
25	3135.5
26	4071.5
27	5381.0
28	9361.0
29	12773.0
30	32733.0
31	76364.0
32	100381.0
33	156170.5
34	284146.5
35	358565.5
36	371393.0
37	368823.0
38	359969.0
39	486825.5
40	743194.0
41	919488.5
42	971241.0
43	1059780.0
44	1102510.5
45	1248507.5
46	1536017.0
47	1643659.0
48	2065623.0
49	2484930.0
50	2454219.5
51	2423509.0
52	1878040.0
53	1308888.0
54	1157161.0
55	898273.5
56	726310.5
57	716811.5
58	716340.0
59	664898.5
60	660445.5
61	551316.5
62	425842.5
63	366218.0
64	269171.5
65	226556.5
66	179480.5
67	119780.0
68	100397.0
69	86261.5
70	53501.5
71	30130.0
72	27841.5
73	25788.5
74	20576.0
75	14860.5
76	12984.5
77	13101.0
78	14434.5
79	15744.5
80	13721.0
81	10849.5
82	8300.5
83	5789.0
84	4626.0
85	4070.0
86	3525.5
87	2899.0
88	2172.0
89	1553.5
90	1260.5
91	1176.0
92	1020.5
93	660.0
94	410.5
95	366.0
96	366.0
97	305.0
98	143.5
99	43.0
100	43.0
>>END_MODULE
>>Per base N content	pass
#Base	N-Count
1	0.0
2	1.6613466654557296E-4
3	0.0
4	1.3844555545464412E-4
5	0.0
6	0.004984039996367188
7	0.017430295431739695
8	2.7689111090928824E-4
9	0.0
10	0.0
11	0.0
12	0.0
13	0.0
14	0.0
15	0.0
16	0.0
17	0.0
18	0.0
19	6.97658129098567E-5
20	0.0
21	0.0
22	0.0
23	0.0
24	0.0
25	0.0
>>END_MODULE
>>Sequence Length Distribution	warn
#Length	Count
18	56222.0
19	295487.0
20	583574.0
21	1471850.0
22	2820848.0
23	1228607.0
24	621196.0
25	145272.0
>>END_MODULE
>>Sequence Duplication Levels	fail
#Total Deduplicated Percentage	1.722328757253663
#Duplication Level	Percentage of deduplicated	Percentage of total
1	57.823777320200065	0.9959155453161274
2	15.94203881193308	0.5491486379009272
3	6.673895260012486	0.34483925187655246
4	3.7918704329472175	0.26123389961779564
5	2.5196291133758164	0.2169814839790359
6	1.7886829835654598	0.18484200841230436
7	1.3507738694907094	0.16285336759794586
8	0.9982158499954686	0.13754046915148835
9	0.817187966873738	0.12667197018854634
>10	5.697652126273922	1.995213643964126
>50	0.9040317602952975	1.0978239495952744
>100	1.0665001015583315	3.9822403610612387
>500	0.2284208362311962	2.82770358812662
>1k	0.2638099798726491	9.683458310832604
>5k	0.059518105215170834	7.297502456821363
>10k+	0.07399548215940158	70.13603105555805
>>END_MODULE
>>Overrepresented sequences	fail
#Sequence	Count	Percentage	Possible Source
TCCCTGAGACCCTAACTTGTGA	716965	9.926061766653893	No Hit
TCACAGTGAACCGGTCTCTTT	246524	3.4130152112900687	No Hit
TTCAAGTAATCCAGGATAGGCT	229614	3.1789037770162656	No Hit
TCCCTGAGACCCTAACTTGTG	215396	2.9820618862708526	No Hit
TAAGGCACGCGGTGAATGC	182639	2.528555780268075	No Hit
TCACAGTGAACCGGTCTCTTTT	155947	2.1590169036485385	No Hit
TGTAAACATCCTACACTCTCAGCT	149649	2.071823892823204	No Hit
TCCCTGAGACCCTAACTTGT	146740	2.031550080741448	No Hit
TCGGATCCGTCTGAGCTTGGCT	137993	1.9104517533852707	No Hit
TTTGAACCATCACTCGACTCCT	137982	1.9102994632742707	No Hit
TCCCTGAGACCCTAACTTGTGAA	125263	1.7342105612915086	No Hit
ACTAATCCTAGCCCTAGCCCT	106845	1.4792215372551452	No Hit
TCGGATCCGTCTGAGCTTGG	90514	1.253126100642166	No Hit
CACCCGTAGAACCGACCTTGCG	80458	1.1139052500769757	No Hit
TGTAAACATCCTACACTCTCAGC	77566	1.0738667954394927	No Hit
TCTTTGGTTATCTAGCTGTATGA	73393	1.0160934651482696	No Hit
AACCCGTAGATCCGATCTTGT	70597	0.9773840878431512	No Hit
TTAAGGCACGCGGTGAATGC	68386	0.9467737755321294	No Hit
TAGCACCATCTGAAATCGGTT	67271	0.9313370960989366	No Hit
TCTACAGTGCACGTGTCTCCAGT	62744	0.8686627931446191	No Hit
TGAGGTAGTAGTTTGTACAGTT	61251	0.8479928717152408	No Hit
TCCCTGAGACCCTTTAACCTGTG	59351	0.8216882161788585	No Hit
CAACGGAATCCCAAAAGCAGCT	58759	0.8134922392959435	No Hit
TCCCTGAGACCCTTTAACCTGT	56616	0.7838233567620132	No Hit
TGAGGTAGTAGGTTGTATGGTT	52736	0.7301064812456113	No Hit
TTTGAACCATCACTCGACTCC	51665	0.715278962256419	No Hit
TCGGATCCGTCTGAGCTTGGC	51595	0.7143098433682364	No Hit
TCCCTGAGACCCTTTAACCTGTGA	50026	0.6925877357174027	No Hit
TGTAAACATCCCCGACTGGAAGCT	47644	0.6596100044081065	No Hit
AACATTCAACGCTGTCGGTGAGT	45861	0.6349251618705434	No Hit
ACTAATCCTAGCCCTAGCCC	44949	0.6222989272130799	No Hit
TCTTTGGTTATCTAGCTGTATG	39276	0.5437587636036603	No Hit
TTCAAGTAATCCAGGATAGGC	37645	0.5211782935090078	No Hit
TTCACAGTGGCTAAGTTCTGC	37431	0.5182155586222784	No Hit
TGAGGTAGTAGGTTGTATAGTT	36810	0.509618089628545	No Hit
CCCTGAGACCCTAACTTGTGA	36583	0.5064753755197245	No Hit
AAGCCCTTACCCCAAAAAGCAT	35965	0.4979194401926276	No Hit
TCCCTGAGACCCTAACTTGTGAAA	35056	0.4853347392018005	No Hit
CAACGGAATCCCAAAAGCAGCTG	34270	0.4744529185430654	No Hit
AGCAGCATTGTACAGGGCTATGA	33553	0.4645263722169674	No Hit
TCCCTGAGACCCTAACTTGTGT	33447	0.4630588493291482	No Hit
AACCCGTAGATCCGATCTTGTG	33385	0.4622004868853294	No Hit
ACTAATCCTAGCCCTAGCCCTACA	31161	0.4314101953522166	No Hit
AGCTACATTGTCTGCTGGGTTTC	28483	0.3943344756014629	No Hit
TCACAGTGAACCGGTCTCTTTA	27940	0.3868168819402757	No Hit
CACCCGTAGAACCGACCTTGC	27700	0.38349418860936424	No Hit
TAGCACCATCTGAAATCGGTTA	27332	0.37839939216863333	No Hit
CTGGCCCTCTCTGCCCTTCCGT	26847	0.3716847827290831	No Hit
TAACAGTCTACAGCCATGGTCG	26573	0.36789137450962583	No Hit
AACCCGTAGATCCGAACTTGTG	26299	0.36409796629016855	No Hit
TGTAAACATCCCCGACTGGAAGC	26143	0.36193821562507617	No Hit
TTCAAGTAATCCAGGATAGGCTT	24973	0.34574008563688274	No Hit
TCGAGGAGCTCACAGTCTAGT	24505	0.3392608336416054	No Hit
TCACAGTGAACCGGTCTCTTTC	24381	0.33754410875396784	No Hit
ACTAATCCTAGCCCTAGCCCTA	23889	0.33073258742559936	No Hit
AACCCGTAGATCCGATCTTGTGA	23001	0.318438622101227	No Hit
GGAATACCGGGTGCTGTAGGCTTT	22757	0.31506055054813364	No Hit
TCGGATCCGTCTGAGCTTGGCTT	22572	0.31249930777222273	No Hit
CTATACGACCTGCTGCCTTTCT	21445	0.29689649367248433	No Hit
TCTTTGGTTATCTAGCTGTAT	21048	0.29140020512093495	No Hit
TGAGGTAGTAGATTGTATAGTT	20815	0.2881744236788417	No Hit
TGAGGTAGTAGTTTGTGCTGTT	19993	0.27679419902047003	No Hit
AGAGGTAGTAGGTTGCATAGTT	19809	0.27424680080010455	No Hit
TGAGGTAGTAGGTTGTGTGGTT	19523	0.27028725791410174	No Hit
AACATTCAACGCTGTCGGTGAG	19509	0.2700934341364652	No Hit
ACTAATCCTAGCCCTAGCCCTACAC	19001	0.2630603999193693	No Hit
CTAGCACCATCTGAAATCGGTT	18579	0.25721799747918334	No Hit
TAATGTGAATTGCAGGACA	17856	0.24720838381981253	No Hit
TCACAGTGAACCGGTCTCTT	17802	0.24646077782035747	No Hit
TGTAAACATCCCCGACTGGAA	17680	0.24477174204381083	No Hit
ATCATGATGGGCTCCTCGGTGT	17641	0.24423180437753772	No Hit
AACCCGTAGATCCGAACTTGT	17474	0.24191976360144518	No Hit
TCGGATCCGTCTGAGCTTGGCTAT	17126	0.23710185827162356	No Hit
CTTTTTGCGGTCTGGGCTTGC	15977	0.22119446394988493	No Hit
TCACAGTGAACCGGTCTCTTTTT	15245	0.211060249290605	No Hit
TCTCACACAGAAATCGCACCCGTC	14789	0.2047471319618732	No Hit
ACTAATCCTAGCCCTAGCCCTAC	14725	0.2038610804069635	No Hit
TGGCTCAGTTCAGCAGGAAC	14230	0.1970080254119586	No Hit
TGTAAACATCCCCGACTGGA	14218	0.196841890745413	No Hit
TGAGGTAGTAGTTTGTACAGT	13908	0.19255007852631906	No Hit
TCTCACACAGAAATCGCACCCGT	13520	0.18717839097467887	No Hit
AGCTACATTGTCTGCTGGGTTT	13361	0.18497710664295003	No Hit
AGCTACATCTGGCTACTGGGTCT	13178	0.18244355297813003	No Hit
ACCATTCGTAGACGACCTGCTTC	13150	0.18205590542285702	No Hit
TTCCCTTTGTCATCCTATGCCT	12971	0.1795777299802189	No Hit
AAGCTGCCAGTTGAAGAACTGT	12365	0.17118792931966748	No Hit
ATCACATTGCCAGGGATTACCACT	12324	0.17062030254230343	No Hit
AGCTACATCTGGCTACTGGGTCTC	11599	0.16058299977184173	No Hit
TGTCTGCCCGAGTGCCTGCCTCT	11009	0.15241471200001772	No Hit
TATTGCACTCGTCCCGGCCTCC	10109	0.13995461200909975	No Hit
TCTGGCTCCGTGTCTTCACTCCC	10063	0.1393177624540084	No Hit
TCTTTGGTTATCTAGCTGTATGT	10040	0.1389993376764627	No Hit
TCGGATCCGTCTGAGCTTGGCTA	9944	0.13767026034409813	No Hit
CAACGGAATCCCAAAAGCAGC	9870	0.13664576323373376	No Hit
AAGCCCTTACCCCAAAAAGTAT	9862	0.13653500678937003	No Hit
TGAGGTAGTAGGTTGTATGGT	9769	0.13524746312364186	No Hit
TCCCTGAGACCCTAACTTGTGAT	9686	0.1340983650133683	No Hit
TGCGGGGCTAGGGCTAACAGC	9497	0.13148174401527551	No Hit
TCGGATCCGTCTGAGCTTGGCAT	9491	0.13139867668200275	No Hit
ACCGTGGCTTTCGATTGTTACT	9396	0.13008344390518362	No Hit
GGAATACCGGGTGCTGTAGGCTT	9383	0.12990346468309258	No Hit
TAAGGCACGCGGTGAATGA	9222	0.12767449124027283	No Hit
GCCTGCTGGGGTGGAACCTGGT	9131	0.12641463668563555	No Hit
TGAGGTAGTAGGTTGTGTGGTTT	9099	0.12597161090818068	No Hit
TGAGGTAGTAGGTTGTATAGT	9008	0.12471175635354342	No Hit
TCTACAGTGCACGTGTCTCCA	8961	0.1240610622429066	No Hit
CACCCGTAGAACCGACCTTGCGA	8779	0.1215413531336321	No Hit
TGTAAACATCCCCGACTGGAAG	8682	0.12019843124572203	No Hit
TGAGGTAGGAGGTTGTATAGTT	8559	0.1184955509136299	No Hit
TTATCAGAATCTCCAGGGGTAC	8471	0.11727723002562904	No Hit
ATCACATTGCCAGGGATTTCC	8326	0.1152697694715367	No Hit
TCTACAGTGCACGTGTCTCC	8166	0.11305464058426239	No Hit
TGTAAACATCCTCGACTGGAAGCT	8160	0.11297157325098961	No Hit
AGAATTGTGGCTGGACATCTGT	8103	0.11218243358489814	No Hit
TCGGATCCGTCTGAGCTTGGCA	8069	0.11171171869635234	No Hit
TCAGGCTCAGTCCCCTCCCGAT	8002	0.11078413347480624	No Hit
TCGGATCCGTCTGAGCTTGGA	7962	0.11023035125298766	No Hit
ACCTTGGCTCTAGACTGCTTACT	7866	0.10890127392062306	No Hit
AGCTACATCTGGCTACTGGGTCTCT	7764	0.1074891292549857	No Hit
TAGCACCATCTGAAATCGGT	7677	0.1062846529225303	No Hit
TCCCTGAGACCCTAACTTG	7573	0.104844819145802	No Hit
TCGGATCCGTCTGAGCTTGGCTTT	7445	0.10307271603598256	No Hit
TGTAAACATCCTACACTCAGCT	7385	0.1022420427032547	No Hit
>>END_MODULE
>>Adapter Content	pass
#Position	Illumina Universal Adapter	Illumina Small RNA 3' Adapter	Illumina Small RNA 5' Adapter	Nextera Transposase Sequence	SOLID Small RNA Adapter
1	0.0	0.0	0.0	0.0	0.0
2	0.0	1.3844555545464413E-5	0.0	0.0	0.0
3	0.0	1.3844555545464413E-5	0.0	0.0	0.0
4	0.0	2.7689111090928827E-5	0.0	0.0	0.0
5	0.0	4.153366663639324E-5	0.0	0.0	0.0
6	0.0	4.153366663639324E-5	0.0	0.0	0.0
7	0.0	4.153366663639324E-5	0.0	0.0	0.0
8	0.0	4.153366663639324E-5	0.0	0.0	0.0
9	0.0	4.153366663639324E-5	0.0	0.0	0.0
10	0.0	4.153366663639324E-5	0.0	0.0	0.0
11	0.0	4.153366663639324E-5	0.0	0.0	0.0
12	0.0	4.153366663639324E-5	0.0	0.0	0.0
13	0.0	4.153366663639324E-5	0.0	0.0	0.0
14	0.0	4.153366663639324E-5	0.0	0.0	0.0
>>END_MODULE
