##FastQC	0.11.9
>>Basic Statistics	pass
#Measure	Value
Filename	trimmed_High3.fastq
File type	Conventional base calls
Encoding	Sanger / Illumina 1.9
Total Sequences	11197628
Sequences flagged as poor quality	0
Sequence length	18-25
%GC	49
>>END_MODULE
>>Per base sequence quality	pass
#Base	Mean	Median	Lower Quartile	Upper Quartile	10th Percentile	90th Percentile
1	30.0	30.0	30.0	30.0	30.0	30.0
2	30.0	30.0	30.0	30.0	30.0	30.0
3	30.0	30.0	30.0	30.0	30.0	30.0
4	30.0	30.0	30.0	30.0	30.0	30.0
5	30.0	30.0	30.0	30.0	30.0	30.0
6	30.0	30.0	30.0	30.0	30.0	30.0
7	30.0	30.0	30.0	30.0	30.0	30.0
8	30.0	30.0	30.0	30.0	30.0	30.0
9	30.0	30.0	30.0	30.0	30.0	30.0
10	30.0	30.0	30.0	30.0	30.0	30.0
11	30.0	30.0	30.0	30.0	30.0	30.0
12	30.0	30.0	30.0	30.0	30.0	30.0
13	30.0	30.0	30.0	30.0	30.0	30.0
14	30.0	30.0	30.0	30.0	30.0	30.0
15	30.0	30.0	30.0	30.0	30.0	30.0
16	30.0	30.0	30.0	30.0	30.0	30.0
17	30.0	30.0	30.0	30.0	30.0	30.0
18	30.0	30.0	30.0	30.0	30.0	30.0
19	30.0	30.0	30.0	30.0	30.0	30.0
20	30.0	30.0	30.0	30.0	30.0	30.0
21	30.0	30.0	30.0	30.0	30.0	30.0
22	30.0	30.0	30.0	30.0	30.0	30.0
23	30.0	30.0	30.0	30.0	30.0	30.0
24	30.0	30.0	30.0	30.0	30.0	30.0
25	30.0	30.0	30.0	30.0	30.0	30.0
>>END_MODULE
>>Per sequence quality scores	pass
#Quality	Count
30	1.1197628E7
>>END_MODULE
>>Per base sequence content	fail
#Base	G	A	T	C
1	2.3616966021732457	18.111005295049985	70.04573647204569	9.481561630731079
2	18.633014583567572	20.091210592124046	16.38080042666274	44.89497439764564
3	16.01021216279019	25.418115336569496	20.387407047278227	38.18426545336209
4	25.70874065246792	24.31320153375614	9.549807423156803	40.42825039061914
5	29.494425069309322	40.30543790166989	16.29019110118679	13.909945927834002
6	46.11308780635055	16.578108338379266	22.850049208994438	14.458754646275745
7	11.450502089800413	35.77524476576318	24.13510023306942	28.63915291136699
8	36.343054848434974	25.61155275821084	13.772947656744035	24.272444736610147
9	23.315696860085012	39.81648613438489	27.79723527161288	9.07058173391722
10	11.599188685317998	28.356934164985653	23.010614390833485	37.03326275886286
11	20.36998371440809	6.950007626615208	15.331747044999172	57.348261613977535
12	15.92603362069181	11.416337460040644	20.998286422803115	51.65934249646443
13	25.01398510470253	17.09262890319271	36.3212637533592	21.572122238745564
14	29.850107540632713	37.67488971771522	18.395538769460817	14.079463972191252
15	31.20297720222329	38.350589816931745	18.212028316356673	12.234404664488288
16	10.50401924407562	21.84231338994294	20.51388919153235	47.139778174449084
17	14.28548081790179	15.834630334210068	53.45576759649454	16.424121251393597
18	17.359855140749453	11.017610158151351	41.683819108832694	29.938715592266508
19	43.433944934978186	11.278772912372794	30.501596843885025	14.785685308763991
20	36.565915984594305	8.261177132369863	35.76966456528718	19.403242317748653
21	23.07667628892788	12.941399571535317	35.66018195507844	28.321742184458355
22	22.32952371543408	25.728760778580245	45.40409610163294	6.537619404352733
23	10.820570675193025	29.387869981382515	32.89532402093801	26.896235322486444
24	3.770736772196005	25.4093568619014	58.614617582818475	12.205288783084125
25	5.948313372470415	17.937670749192172	52.00690486550492	24.107111012832494
>>END_MODULE
>>Per sequence GC content	warn
#GC Content	Count
0	1969.0
1	1969.0
2	1580.0
3	662.0
4	133.0
5	133.0
6	136.0
7	158.0
8	310.0
9	443.0
10	441.0
11	429.5
12	419.5
13	363.5
14	274.0
15	248.5
16	267.5
17	295.0
18	488.5
19	855.0
20	1274.0
21	2395.0
22	3307.5
23	3584.0
24	4223.5
25	5899.5
26	7733.5
27	9234.0
28	15334.5
29	21474.5
30	59868.5
31	146372.5
32	195481.0
33	289000.5
34	523566.0
35	664293.0
36	688903.0
37	686670.0
38	666771.0
39	873184.0
40	1270469.5
41	1522473.0
42	1586891.0
43	1689792.0
44	1722455.0
45	1978613.0
46	2380672.0
47	2472777.5
48	2611845.5
49	2745021.0
50	2595680.0
51	2446339.0
52	2381478.0
53	2410821.5
54	2327021.5
55	2144488.5
56	2078020.5
57	1785899.5
58	1488116.0
59	1375524.5
60	1259301.5
61	995865.5
62	802245.5
63	658049.5
64	432132.5
65	345283.5
66	285491.0
67	206784.0
68	179549.5
69	158012.0
70	107651.5
71	70061.0
72	65092.0
73	60159.0
74	48339.0
75	31654.5
76	21677.0
77	20608.5
78	21075.0
79	21486.5
80	18975.5
81	14974.5
82	12089.5
83	9591.0
84	7998.5
85	7403.5
86	6364.0
87	4915.5
88	3586.5
89	2597.0
90	2198.0
91	2107.0
92	1668.5
93	966.0
94	652.5
95	603.0
96	603.0
97	486.5
98	239.0
99	108.0
100	108.0
>>END_MODULE
>>Per base N content	pass
#Base	N-Count
1	0.0
2	2.232615693252178E-4
3	0.0
4	1.7860925546017424E-4
5	0.0
6	0.0043580658332282515
7	0.016271303172421873
8	2.232615693252178E-4
9	0.0
10	0.0
11	0.0
12	0.0
13	0.0
14	0.0
15	8.930462773008712E-6
16	0.0
17	0.0
18	0.0
19	9.983100426087801E-5
20	0.0
21	0.0
22	0.0
23	0.0
24	0.0
25	0.0
>>END_MODULE
>>Sequence Length Distribution	warn
#Length	Count
18	179007.0
19	458891.0
20	1115311.0
21	2601913.0
22	4287918.0
23	1699344.0
24	715053.0
25	140191.0
>>END_MODULE
>>Sequence Duplication Levels	fail
#Total Deduplicated Percentage	1.5618016132235604
#Duplication Level	Percentage of deduplicated	Percentage of total
1	58.50944404296903	0.9138014409512267
2	15.773143718175689	0.49269042609307717
3	6.514023748076387	0.30520838394966854
4	3.5072809256631023	0.21910708030915424
5	2.4121996372246723	0.18836886424173901
6	1.7188128925622204	0.1610666849059878
7	1.2739589739458579	0.13927698264824911
8	0.9961913693657105	0.12446826302038036
9	0.8572408696640401	0.12049561558462195
>10	5.901250697156065	1.8597271329385041
>50	0.9124591021359424	1.005092721615903
>100	1.008627941005979	3.38396623354111
>500	0.21180041893996154	2.3490755698568955
>1k	0.26789890828081625	9.15023904524032
>5k	0.05438118864674688	6.067282986166052
>10k+	0.08128556618776903	73.5201325689371
>>END_MODULE
>>Overrepresented sequences	fail
#Sequence	Count	Percentage	Possible Source
TCCCGGAGACCCTAACTTGTGA	540872	4.830237260962768	No Hit
TCACAGTGAACCGGTCTCTTT	430255	3.8423762604008633	No Hit
TTCAAGTAATCCAGGATAGGCT	401517	3.5857326212301395	No Hit
TCCCTGAGACCCTAACTTGTGA	324978	2.902203931046825	No Hit
TCGGATCCGTCTGAGCTTGGCT	253512	2.2639794785109846	No Hit
TCGGATCCGTCTGAGCTTGG	249723	2.2301419550640547	No Hit
TTTGAACCATCACTCGACTCCT	232569	2.0769487966558633	No Hit
TCACAGTGAACCGGTCTCTTTT	205789	1.8377910035946898	No Hit
TAAGGCACGCGGTGAATGC	203347	1.8159828135030025	No Hit
TCCCGGAGACCCTAACTTGTG	183512	1.6388470844003749	No Hit
TGTAAACATCCTACACTCTCAGCT	177205	1.5825226556910088	No Hit
ACTAATCCTAGCCCTAGCCCT	166784	1.4894583031334852	No Hit
TCCCGGAGACCCTAACTTGT	158418	1.4147460515744943	No Hit
AACCCGTAGATCCGATCTTGT	146176	1.3054193263073215	No Hit
TAGCACCATCTGAAATCGGTT	134773	1.2035852593067031	No Hit
TCCCTGAGACCCTAACTTGTG	120917	1.0798447671238944	No Hit
TCTTTGGTTATCTAGCTGTATGA	119106	1.0636716990419757	No Hit
TCGGATCCGTCTGAGCTTGGC	118803	1.060965768821754	No Hit
TGAGGTAGTAGTTTGTACAGTT	117580	1.0500438128503644	No Hit
TGTAAACATCCTACACTCTCAGC	112344	1.0032839097708908	No Hit
TCCCTGAGACCCTAACTTGT	104827	0.9361536211061844	No Hit
CACCCGTAGAACCGACCTTGCG	104489	0.9331351246889074	No Hit
CAACGGAATCCCAAAAGCAGCT	102607	0.9163279937501049	No Hit
TTTGAACCATCACTCGACTCC	96792	0.8643973527250594	No Hit
TCCCGGAGACCCTAACTTGTGAA	91832	0.820102257370936	No Hit
TCTACAGTGCACGTGTCTCCAGT	90222	0.8057242123063921	No Hit
TGAGGTAGTAGGTTGTATGGTT	87553	0.7818888071652317	No Hit
ACTAATCCTAGCCCTAGCCC	84040	0.7505160914436522	No Hit
TTCAAGTAATCCAGGATAGGC	74845	0.668400486245837	No Hit
TCTTTGGTTATCTAGCTGTATG	74236	0.6629618344170748	No Hit
TGAGGTAGTAGGTTGTATAGTT	69634	0.6218638447356887	No Hit
TTAAGGCACGCGGTGAATGC	67111	0.5993322871593877	No Hit
TTCACAGTGGCTAAGTTCTGC	63541	0.5674505350597466	No Hit
AGCAGCATTGTACAGGGCTATGA	56994	0.5089827952848586	No Hit
TCCCTGAGACCCTAACTTGTGAA	55415	0.4948815945662778	No Hit
AACCCGTAGATCCGATCTTGTG	54388	0.48571000929839786	No Hit
TGTAAACATCCCCGACTGGAAGCT	52799	0.471519503952087	No Hit
AACATTCAACGCTGTCGGTGAGT	52161	0.4658218687029075	No Hit
CAACGGAATCCCAAAAGCAGCTG	50935	0.4548731213431988	No Hit
AGCTACATTGTCTGCTGGGTTTC	50614	0.452006442793063	No Hit
AACCCGTAGATCCGAACTTGTG	47895	0.42772451451325233	No Hit
TAGCACCATCTGAAATCGGTTA	46904	0.4188744259052007	No Hit
AAGCCCTTACCCCAAAAAGCAT	46807	0.4180081710162188	No Hit
TGAGGTAGTAGATTGTATAGTT	44937	0.40130820563069247	No Hit
CACCCGTAGAACCGACCTTGC	44889	0.4008795434175881	No Hit
TCGAGGAGCTCACAGTCTAGT	44773	0.39984360973591904	No Hit
TCTTTGGTTATCTAGCTGTAT	44698	0.3991738250279434	No Hit
TAATGTGAATTGCAGGACA	43140	0.38526016402759583	No Hit
TCACAGTGAACCGGTCTCTTTA	41147	0.3674617517209895	No Hit
TCCCTGAGACCCTTTAACCTGT	40374	0.3605585039974537	No Hit
CTGGCCCTCTCTGCCCTTCCGT	39540	0.35311049804476446	No Hit
TGAGGTAGTAGTTTGTGCTGTT	39130	0.34944900830783093	No Hit
TTCAAGTAATCCAGGATAGGCTT	37508	0.3349637976900108	No Hit
AACCCGTAGATCCGAACTTGT	37186	0.332088188677102	No Hit
AGAGGTAGTAGGTTGCATAGTT	36848	0.3290696922598251	No Hit
TCCCTGAGACCCTTTAACCTGTG	36343	0.32455980855945565	No Hit
TCACAGTGAACCGGTCTCTTTC	35866	0.3202999778167305	No Hit
TCACAGTGAACCGGTCTCTT	35779	0.31952302755547873	No Hit
CTAGCACCATCTGAAATCGGTT	34441	0.3075740683651931	No Hit
TCGGATCCGTCTGAGCTTGGCTT	34128	0.30477883351724133	No Hit
ATCATGATGGGCTCCTCGGTGT	33329	0.29764339376160737	No Hit
TGTAAACATCCCCGACTGGAAGC	33144	0.2959912581486008	No Hit
AACCCGTAGATCCGATCTTGTGA	33111	0.2956965528770915	No Hit
ACTAATCCTAGCCCTAGCCCTACA	31439	0.2807648191206209	No Hit
TTCCCTTTGTCATCCTATGCCT	31217	0.27878225638501297	No Hit
ACTAATCCTAGCCCTAGCCCTA	30971	0.2765853625428528	No Hit
TGTAAACATCCCCGACTGGAA	30883	0.2757994818188281	No Hit
TAACAGTCTACAGCCATGGTCG	29867	0.2667261316414512	No Hit
CCCGGAGACCCTAACTTGTGA	29682	0.26507399602844456	No Hit
TGGCTCAGTTCAGCAGGAAC	29662	0.2648953867729844	No Hit
TGAGGTAGTAGTTTGTACAGT	29613	0.264457794097107	No Hit
TCCCGGAGACCCTTTAACCTGT	29364	0.2622341088666278	No Hit
CTATACGACCTGCTGCCTTTCT	28256	0.25233915611413416	No Hit
TGAGGTAGTAGGTTGTGTGGTT	27848	0.2486955273027466	No Hit
CTTTTTGCGGTCTGGGCTTGC	26253	0.23445143917979772	No Hit
TGTAAACATCCCCGACTGGA	26005	0.23223668441209158	No Hit
AGCTACATTGTCTGCTGGGTTT	24999	0.2232526388624448	No Hit
TCGGATCCGTCTGAGCTTGGCTAT	24834	0.22177911250489835	No Hit
TCCCGGAGACCCTAACTTGTGT	24783	0.22132365890347494	No Hit
AAGCTGCCAGTTGAAGAACTGT	24543	0.21918034783795282	No Hit
AACATTCAACGCTGTCGGTGAG	24510	0.21888564256644355	No Hit
TCCCGGAGACCCTAACTTGTGAAA	24299	0.2170013149213387	No Hit
TCCCGGAGACCCTTTAACCTGTGA	23930	0.21370597415809847	No Hit
TCCCGGAGACCCTTTAACCTGTG	23432	0.20925860369714017	No Hit
TCCCTGAGACCCTTTAACCTGTGA	22145	0.19776509810827794	No Hit
GGAATACCGGGTGCTGTAGGCTTT	21897	0.19555034334057178	No Hit
AGCTACATCTGGCTACTGGGTCT	20204	0.18043106986586802	No Hit
TCTCACACAGAAATCGCACCCGT	19938	0.17805556676824771	No Hit
ACCATTCGTAGACGACCTGCTTC	19935	0.17802877537992867	No Hit
CCCTGAGACCCTAACTTGTGA	19912	0.17782337473614948	No Hit
TGAGGTAGTAGGTTGTATAGT	19130	0.17083975284765668	No Hit
CAACGGAATCCCAAAAGCAGC	18810	0.16798200476029387	No Hit
TGAGATGAAGCACTGTAGCTCT	18664	0.1666781571954346	No Hit
TCGGATCCGTCTGAGCTTGGA	18554	0.16569580629040365	No Hit
TGAGGTAGTAGGTTGTATGGT	18190	0.16244511784102847	No Hit
ACTAATCCTAGCCCTAGCCCTAC	17279	0.15430946625481753	No Hit
TGAGGTAGGAGGTTGTATAGTT	17043	0.15220187704038748	No Hit
TGTCTGCCCGAGTGCCTGCCTCT	16907	0.1509873341032583	No Hit
TATTGCACTCGTCCCGGCCTCC	16706	0.14919231108588354	No Hit
TCTACAGTGCACGTGTCTCC	16654	0.1487279270216871	No Hit
TCCCTGAGACCCTAACTTGTGT	16500	0.14735263575464375	No Hit
TCGGATCCGTCTGAGCTTGGCAT	16412	0.146566755030619	No Hit
AGCTACATCTGGCTACTGGGTCTC	16101	0.14378938110821327	No Hit
TCTTTGGTTATCTAGCTGTATGT	15923	0.14219975873461774	No Hit
TAGCACCATCTGAAATCGGT	15880	0.14181574883537837	No Hit
TCTCACACAGAAATCGCACCCGTC	15855	0.14159248726605314	No Hit
TCTACAGTGCACGTGTCTCCA	15697	0.14018147414791773	No Hit
TCGGATCCGTCTGAGCTTGGCTA	15538	0.13876153056700938	No Hit
TCGGATCCGTCTGAGCTTGGCA	15369	0.1372522823583709	No Hit
TCACAGTGAACCGGTCTCTTTTT	15323	0.1368414810708125	No Hit
ACTAATCCTAGCCCTAGCCCTACAC	15234	0.13604666988401473	No Hit
TCCCTGAGACCCTAACTTGTGAAA	15216	0.13588592155410056	No Hit
TCGGATCCGTCTGAGCTTGGT	15209	0.1358234083146895	No Hit
GCCTGCTGGGGTGGAACCTGGT	15181	0.13557335535704526	No Hit
TGCGGGGCTAGGGCTAACAGC	14817	0.1323226669076701	No Hit
TTATCAGAATCTCCAGGGGTAC	14475	0.1292684486393011	No Hit
TCTGGCTCCGTGTCTTCACTCCC	14007	0.12508899206153304	No Hit
TGTAAACATCCCCGACTGGAAG	13400	0.11966820115831675	No Hit
TGAGGTAGTAGATTGTATAGT	13400	0.11966820115831675	No Hit
CACACAAGTTTAACTTCTGCCA	13240	0.11823932711463535	No Hit
AATATAACACAGATGGCCTGT	13019	0.11626569484180042	No Hit
TGAGATGAAGCACTGTAGCTC	12602	0.1125416918654558	No Hit
ATCACATTGCCAGGGATTACCACT	12438	0.11107709597068237	No Hit
TGTAAACATCCTACACTCAGCT	12386	0.1106127119064859	No Hit
TAAGGCACGCGGTGAATGA	12106	0.10811218233004348	No Hit
AGAATTGTGGCTGGACATCTGT	11825	0.10560272229082801	No Hit
TAAGGCACGCGGTGAATG	11742	0.1048614938806683	No Hit
TAATGTGAATTGCAGGACACA	11677	0.10428101380042273	No Hit
ACCGTGGCTTTCGATTGTTACT	11618	0.10375411649681521	No Hit
>>END_MODULE
>>Adapter Content	pass
#Position	Illumina Universal Adapter	Illumina Small RNA 3' Adapter	Illumina Small RNA 5' Adapter	Nextera Transposase Sequence	SOLID Small RNA Adapter
1	0.0	0.0	0.0	0.0	0.0
2	0.0	5.358277663805227E-5	0.0	0.0	0.0
3	0.0	7.144370218406969E-5	0.0	0.0	0.0
4	0.0	8.03741649570784E-5	0.0	0.0	0.0
5	0.0	1.0716555327610455E-4	0.0	0.0	0.0
6	0.0	1.1609601604911326E-4	0.0	0.0	0.0
7	0.0	1.1609601604911326E-4	0.0	0.0	0.0
8	0.0	1.1609601604911326E-4	0.0	0.0	0.0
9	0.0	1.1609601604911326E-4	0.0	0.0	0.0
10	0.0	1.1609601604911326E-4	0.0	0.0	0.0
11	0.0	1.1609601604911326E-4	0.0	0.0	0.0
12	0.0	1.1609601604911326E-4	0.0	0.0	0.0
13	0.0	1.1609601604911326E-4	0.0	0.0	0.0
14	0.0	1.1609601604911326E-4	0.0	0.0	0.0
>>END_MODULE
