##FastQC	0.11.9
>>Basic Statistics	pass
#Measure	Value
Filename	trimmed_High1.fastq
File type	Conventional base calls
Encoding	Sanger / Illumina 1.9
Total Sequences	8721250
Sequences flagged as poor quality	0
Sequence length	18-25
%GC	48
>>END_MODULE
>>Per base sequence quality	pass
#Base	Mean	Median	Lower Quartile	Upper Quartile	10th Percentile	90th Percentile
1	30.0	30.0	30.0	30.0	30.0	30.0
2	30.0	30.0	30.0	30.0	30.0	30.0
3	30.0	30.0	30.0	30.0	30.0	30.0
4	30.0	30.0	30.0	30.0	30.0	30.0
5	30.0	30.0	30.0	30.0	30.0	30.0
6	30.0	30.0	30.0	30.0	30.0	30.0
7	30.0	30.0	30.0	30.0	30.0	30.0
8	30.0	30.0	30.0	30.0	30.0	30.0
9	30.0	30.0	30.0	30.0	30.0	30.0
10	30.0	30.0	30.0	30.0	30.0	30.0
11	30.0	30.0	30.0	30.0	30.0	30.0
12	30.0	30.0	30.0	30.0	30.0	30.0
13	30.0	30.0	30.0	30.0	30.0	30.0
14	30.0	30.0	30.0	30.0	30.0	30.0
15	30.0	30.0	30.0	30.0	30.0	30.0
16	30.0	30.0	30.0	30.0	30.0	30.0
17	30.0	30.0	30.0	30.0	30.0	30.0
18	30.0	30.0	30.0	30.0	30.0	30.0
19	30.0	30.0	30.0	30.0	30.0	30.0
20	30.0	30.0	30.0	30.0	30.0	30.0
21	30.0	30.0	30.0	30.0	30.0	30.0
22	30.0	30.0	30.0	30.0	30.0	30.0
23	30.0	30.0	30.0	30.0	30.0	30.0
24	30.0	30.0	30.0	30.0	30.0	30.0
25	30.0	30.0	30.0	30.0	30.0	30.0
>>END_MODULE
>>Per sequence quality scores	pass
#Quality	Count
30	8721250.0
>>END_MODULE
>>Per base sequence content	fail
#Base	G	A	T	C
1	2.0840131861831734	16.59038555252974	72.30423391142324	9.021367349863839
2	16.619166404540195	19.560850848182355	14.133209058035087	49.686773689242365
3	13.63213361448698	25.849876335967142	18.02150160356189	42.496488445983985
4	22.829055467966175	22.022141321484877	8.925498065070947	46.223305145478
5	19.269577182169986	36.20525727389995	32.045830586211835	12.479334957718217
6	50.73457359896803	14.467226601691271	20.596244804357173	14.201954994983518
7	10.200945965314604	41.653845492331946	22.78762792030959	25.35758062204386
8	42.628327361330086	23.762018059337827	11.87092446610291	21.73873011322918
9	12.120235058047871	44.487074673928625	33.88984377239501	9.502846495628493
10	10.417898810376954	27.155648559552816	19.010256557259567	43.41619607281066
11	19.760882900960297	6.481398882040993	13.3123233481439	60.445394868854805
12	16.0625139744876	9.550821269886772	18.089207395728824	56.29745735989681
13	23.323868125235204	15.177956537862016	42.14070488204303	19.35747045485974
14	28.817405761788734	39.80733266446897	18.621183889924037	12.75407768381826
15	27.59287946108643	41.95535043715064	19.569946968611152	10.881823133151784
16	9.122235918016338	22.301310018632652	18.397099039701878	50.17935502364913
17	13.519118672955088	15.891759081191925	55.83766338898768	14.751458856865307
18	16.964873154651	9.488479289092734	44.26600544646696	29.280642109789305
19	45.14188277367334	10.39504387893753	28.695746011559486	15.76732733582965
20	33.058079640337866	7.252224706407845	42.17950015545521	17.51019549779908
21	29.39506476525579	13.044142533997203	33.260631485284364	24.300161215462644
22	20.75690615993967	30.27062698424277	42.83545511214422	6.137011743673342
23	13.79230320765717	29.525832385243383	32.179871059766455	24.50199334733299
24	4.6321890569006205	31.704232584564284	51.66274254872826	12.000835809806835
25	7.293912632542754	18.361047936911127	48.1392326549901	26.205806775556017
>>END_MODULE
>>Per sequence GC content	warn
#GC Content	Count
0	1971.0
1	1971.0
2	1497.5
3	595.0
4	166.0
5	166.0
6	167.5
7	188.5
8	295.5
9	383.0
10	374.5
11	362.0
12	346.5
13	308.0
14	267.5
15	269.5
16	309.0
17	357.5
18	521.0
19	800.5
20	1146.5
21	1741.5
22	2173.0
23	2402.5
24	3025.0
25	4251.5
26	7672.0
27	11393.0
28	17603.0
29	23220.0
30	50031.5
31	103376.5
32	130409.0
33	192984.5
34	351992.0
35	451162.5
36	470457.5
37	474359.0
38	468104.0
39	610874.5
40	926068.0
41	1159520.0
42	1222919.5
43	1311879.0
44	1366493.0
45	1486087.0
46	1744452.0
47	1863450.0
48	2480314.0
49	3091376.0
50	3159719.0
51	3228062.0
52	2540684.5
53	1792138.0
54	1575875.5
55	1143774.0
56	838897.0
57	802221.5
58	719305.0
59	632221.5
60	605098.0
61	485008.0
62	377681.5
63	327533.0
64	247881.5
65	212932.0
66	178534.5
67	130428.5
68	109847.5
69	95083.0
70	62073.0
71	38530.5
72	35550.0
73	33096.0
74	28133.0
75	20703.5
76	15750.5
77	15224.0
78	15460.5
79	15531.5
80	13826.5
81	10928.5
82	8499.5
83	6414.0
84	5111.5
85	4554.0
86	3870.0
87	3060.0
88	2257.5
89	1665.5
90	1407.5
91	1333.0
92	1106.0
93	691.5
94	462.5
95	421.0
96	421.0
97	332.5
98	146.0
99	48.0
100	48.0
>>END_MODULE
>>Per base N content	pass
#Base	N-Count
1	0.0
2	0.08327934642396445
3	4.586498495055181E-4
4	0.0
5	0.0
6	0.0
7	0.0
8	0.0
9	0.0
10	0.0
11	0.0
12	0.0
13	0.002155654292675935
14	0.0
15	0.0
16	0.0
17	4.357173570302422E-4
18	0.0
19	0.0
20	0.0
21	8.069508595169834E-5
22	1.4408731403055622E-4
23	0.0
24	0.0
25	0.0
>>END_MODULE
>>Sequence Length Distribution	warn
#Length	Count
18	103220.0
19	368065.0
20	814568.0
21	1883208.0
22	3432137.0
23	1387828.0
24	596796.0
25	135428.0
>>END_MODULE
>>Sequence Duplication Levels	fail
#Total Deduplicated Percentage	1.7490732401591473
#Duplication Level	Percentage of deduplicated	Percentage of total
1	58.84783380939872	1.0292917135735202
2	15.788052600186353	0.55228920634422
3	6.694048677885611	0.3512514423243733
4	3.6453577388314367	0.255039906871885
5	2.3278878405078722	0.20358231639620922
6	1.6932820598267246	0.17770046033306905
7	1.2234523065937648	0.1497935383051897
8	0.9613078588330863	0.1345118281151711
9	0.7675775739272339	0.1208294454872164
>10	5.537681294124378	1.9553002170676226
>50	0.8881272695208888	1.0931046114654257
>100	1.0330874811635153	3.924846608389761
>500	0.20202599631642076	2.4374607158211297
>1k	0.2676188522633106	10.334191883324403
>5k	0.047882784841229604	5.5515680891388675
>10k+	0.07477585577945445	71.72923801704195
>>END_MODULE
>>Overrepresented sequences	fail
#Sequence	Count	Percentage	Possible Source
TCCCTGAGACCCTAACTTGTGA	908613	10.418380392718934	No Hit
TCCCTGAGACCCTAACTTGTG	314859	3.610250824136448	No Hit
TCACAGTGAACCGGTCTCTTT	302609	3.4697893077253834	No Hit
TCCCTGAGACCCTAACTTGT	263168	3.017549089866705	No Hit
TTCAAGTAATCCAGGATAGGCT	250329	2.870333954421671	No Hit
TCACAGTGAACCGGTCTCTTTT	180292	2.0672724666762217	No Hit
TTTGAACCATCACTCGACTCCT	138986	1.5936476995843485	No Hit
TCCCTGAGACCCTAACTTGTGAA	137221	1.5734097749749174	No Hit
TGTAAACATCCTACACTCTCAGCT	124614	1.4288548086570159	No Hit
TAAGGCACGCGGTGAATGC	117269	1.3446352300415652	No Hit
TCCCTGAGACCCTTTAACCTGT	104707	1.2005962448043572	No Hit
ACTAATCCTAGCCCTAGCCCT	103942	1.191824566432564	No Hit
TCGGATCCGTCTGAGCTTGGCT	99384	1.1395614160814103	No Hit
TAGCACCATCTGAAATCGGTT	92051	1.0554794324208112	No Hit
TCCCTGAGACCCTTTAACCTGTG	90828	1.04145621327218	No Hit
TGTAAACATCCTACACTCTCAGC	86945	0.9969327791314317	No Hit
TAAGGCACTCGGTGAATGC	80724	0.9256012612870861	No Hit
TCTTTGGTTATCTAGCTGTATGA	80422	0.9221384549233195	No Hit
TGAGGTAGTAGGTTGTATGGTT	79267	0.9088949405188477	No Hit
TCGGATCCGTCTGAGCTTGG	78576	0.9009717643686398	No Hit
TGAGGTAGTAGTTTGTACAGTT	77562	0.8893449906836749	No Hit
TCGGATCCTTCTGAGCTTGGCT	71739	0.822577038841909	No Hit
CAACGGAATCCCAAAAGCAGCT	70182	0.8047240934499069	No Hit
TTAAGGCACGCGGTGAATGC	68147	0.7813902823563136	No Hit
TGAGGTAGTAGGTTGTATAGTT	59865	0.6864268310161961	No Hit
TCCCTGAGACCCTTTAACCTGTGA	59041	0.6769786441163824	No Hit
TTTGAACCATCACTCGACTCC	57123	0.6549863838325928	No Hit
CCCTGAGACCCTAACTTGTGA	56174	0.6441049161530743	No Hit
TCGGATCCTTCTGAGCTTGG	56080	0.6430270890067364	No Hit
AACATTCAACGCTGTCGGTGAGT	55746	0.6391973627633654	No Hit
TCCCTGAGACCCTAACTTGTGT	53290	0.6110362620037266	No Hit
ACTAATCCTAGCCCTAGCCC	51011	0.5849046868281497	No Hit
TTCAAGTAATCCAGGATAGGC	50241	0.5760756772251684	No Hit
AACCCGTAGATCCGATCTTGT	48602	0.5572824996416798	No Hit
CACCCGTAGAACCGACCTTGCG	45305	0.5194782857961875	No Hit
TCTTTGGTTATCTAGCTGTATG	44105	0.5057187903110218	No Hit
AACCCGTATATCCGATCTTGT	43777	0.5019578615450767	No Hit
TCCCTGAGACCCTAACTTGTGAAA	43536	0.49919449620180595	No Hit
TCTACAGTGCACGTGTCTCCAGT	41897	0.4804013186183173	No Hit
TCGGATCCGTCTGAGCTTGGC	40892	0.46887774114949116	No Hit
CAACGGAATCCCAAAAGCAGCTG	40460	0.46392432277483164	No Hit
TCACAGTGAACCGGTCTCTTTA	38229	0.43834312741866127	No Hit
CACCCGTATAACCGACCTTGCG	38039	0.43616454063351007	No Hit
AAGCCCTTACCCCAAAAAGCAT	37849	0.4339859538483589	No Hit
TGTAAACATCCCCGACTGGAAGCT	36662	0.42037551956428265	No Hit
AGCAGCATTGTACAGGGCTATGA	36593	0.41958434857388566	No Hit
TAGCACCATCTGAAATCGGTTA	35518	0.40725813386842485	No Hit
TCGAGGAGCTCACAGTCTAGT	34167	0.39176723520137596	No Hit
ACTAATCCTAGCCCTAGCCCTACA	32558	0.3733180450050165	No Hit
TAATGTGAATTGCAGGACA	30381	0.34835602694567863	No Hit
TCACAGTGAACCGGTCTCTTTC	30244	0.34678515121112224	No Hit
CTGGCCCTCTCTGCCCTTCCGT	29718	0.3407539056901247	No Hit
TGAGGTAGTAGATTGTATAGTT	29693	0.3404672495341837	No Hit
TCGGATCCTTCTGAGCTTGGC	29575	0.3391142324781425	No Hit
AGAGGTAGTAGGTTGCATAGTT	28614	0.3280951698437724	No Hit
TAACAGTCTACAGCCATGGTCG	28518	0.3269944102049591	No Hit
AGCTACATTGTCTGCTGGGTTTC	28504	0.3268338827576322	No Hit
ACTAATCCTAGCCCTAGCCCTA	26906	0.30851082126988677	No Hit
TGTAAACATCCCCGACTGGAAGC	26722	0.3064010319621614	No Hit
TCTACAGTTCACGTGTCTCCAGT	26266	0.30117242367779845	No Hit
TGAGGTAGTAGGTTGTGTGGTT	26167	0.30003726530027236	No Hit
TTCACAGTGGCTAAGTTCTGC	25368	0.2908757345563996	No Hit
AACATTCAACGCTGTCGGTGAG	25034	0.2870460083130285	No Hit
TCTTTGGTTATCTAGCTGTAT	24718	0.2834226745019349	No Hit
TTCAAGTAATCCAGGATAGGCTT	24694	0.2831474845922316	No Hit
CTATACGACCTGCTGCCTTTCT	23417	0.268505088146768	No Hit
TGAGGTAGTAGTTTGTGCTGTT	22979	0.26348287229468254	No Hit
TCACAGTGAACCGGTCTCTT	22726	0.2605819119965601	No Hit
CTAGCACCATCTGAAATCGGTT	22318	0.2559036835316038	No Hit
TCACAGTGCACCGGTCTCTTT	22018	0.25246380966031245	No Hit
AACCCGTAGATCCGATCTTGTG	21306	0.24429984233911425	No Hit
TGTAAACATCCCCGACTGGAA	21156	0.24257990540346852	No Hit
TGGCTCAGTTCAGCAGGAAC	20017	0.22951985093879892	No Hit
TGTAAACATCCCCGACTGGA	18977	0.21759495485165545	No Hit
AACCCGTATATCCGATCTTGTG	18839	0.2160126128708614	No Hit
TGAGGTAGTAGTTTGTACAGT	18693	0.21433854092016624	No Hit
ACTAATCCTAGCCCTAGCCCTACAC	17993	0.20631216855381967	No Hit
CACCCGTAGAACCGACCTTGC	17910	0.20536047011609576	No Hit
AACCCGTAGATCCGAACTTGTG	16557	0.18984663895657158	No Hit
ACTAATCCTAGCCCTAGCCCTAC	16535	0.18959438153934355	No Hit
TCTCACACAGAAATCGCACCCGTC	16535	0.18959438153934355	No Hit
TTCACAGTTGCTAAGTTCTGC	16516	0.18937652286082843	No Hit
AACCCGTATATCCGAACTTGTG	16199	0.1857417228034972	No Hit
TCTCACACAGAAATCGCACCCGT	15853	0.18177440160527447	No Hit
TGAGGTAGTAGGTTGTATAGT	15773	0.18085710190626345	No Hit
TGAGGTAGTAGGTTGTATGGT	15738	0.18045578328794612	No Hit
AGCTACATTGTCTGCTGGGTTT	15412	0.17671778701447613	No Hit
TCGGATCCGTCTGAGCTTGGCTT	15249	0.17484878887774113	No Hit
TCACAGTGAACCGGTCTCTTTTT	15093	0.17306005446466963	No Hit
TCACAGTGCACCGGTCTCTTTT	15042	0.1724752759065501	No Hit
CACCCGTATAACCGACCTTGC	14945	0.1713630500214992	No Hit
TGTCTGCCCGAGTGCCTGCCTCT	14841	0.17017056041278486	No Hit
ACCATTCGTAGACGACCTGCTTC	14777	0.16943672065357604	No Hit
TCCCTGAGACCCTAACTTG	14385	0.16494195212842197	No Hit
AACCCGTAGATCCGATCTTGTGA	13183	0.15115952415078115	No Hit
ATCATGATGGGCTCCTCGGTGT	13125	0.15049448186899814	No Hit
AAGCTGCCAGTTGAAGAACTGT	12857	0.14742152787731116	No Hit
TATTGCACTCGTCCCGGCCTCC	12746	0.14614877454493336	No Hit
TCTGGCTCCGTGTCTTCACTCCC	12409	0.14228464956284936	No Hit
TCCCTGAGACCCTAACTTGTGAT	12349	0.1415966747885911	No Hit
AGCTACATCTGGCTACTGGGTCT	12318	0.1412412211552243	No Hit
CAACGGAATCCCAAAAGCAGC	12018	0.13780134728393292	No Hit
CTTTTTGCGGTCTGGGCTTGC	11817	0.1354966317901677	No Hit
AACCCGTAGATCCGAACTTGT	11709	0.1342582771965028	No Hit
AACCCGTATATCCGATCTTGTGA	11681	0.13393722230184893	No Hit
AGCTACATCTGGCTACTGGGTCTC	11392	0.13062347713917155	No Hit
AACCCGTATATCCGAACTTGT	11209	0.1285251540776838	No Hit
TCGGATCCGTCTGAGCTTGGCTAT	11162	0.12798624050451485	No Hit
TCTTTGGTTATCTAGCTGTATGT	11055	0.12675935215708756	No Hit
TAGCACCATCTGAAATCGGT	10828	0.12415651426114377	No Hit
TGAGGTAGTAGGTTGTGTGGTTT	10769	0.12348000573312312	No Hit
TCGGATCCTTCTGAGCTTGGCTT	10768	0.12346853948688548	No Hit
TTATCAGAATCTCCAGGGGTAC	10542	0.12087716783717929	No Hit
ACCGTGGCTTTCGATTGTTACT	10129	0.11614160814103483	No Hit
TGTAAACATCCCCGACTGGAAG	9952	0.11411208255697292	No Hit
TGAGGTAGTAGGTTGTATGGTTT	9510	0.10904400171993693	No Hit
TAATGTGAATTGCAGGACACA	9443	0.10827576322201518	No Hit
TCAGGCTCAGTCCCCTCCCGAT	9341	0.10710620610577613	No Hit
AATTAATGTGAATTGCAGGACA	9286	0.10647556256270603	No Hit
TCCCTGAGACCCTTTAACCTG	9119	0.10456069944102049	No Hit
ATCATGATTGGCTCCTCGGTGT	9032	0.10356313601834599	No Hit
TGAGGTAGTAGGTTGTGTGGT	8818	0.10110935932349148	No Hit
>>END_MODULE
>>Adapter Content	pass
#Position	Illumina Universal Adapter	Illumina Small RNA 3' Adapter	Illumina Small RNA 5' Adapter	Nextera Transposase Sequence	SOLID Small RNA Adapter
1	0.0	0.0	0.0	0.0	0.0
2	0.0	3.439873871291386E-5	0.0	0.0	0.0
3	0.0	6.879747742582773E-5	0.0	0.0	0.0
4	0.0	6.879747742582773E-5	0.0	0.0	0.0
5	0.0	6.879747742582773E-5	0.0	0.0	0.0
6	0.0	6.879747742582773E-5	0.0	0.0	0.0
7	0.0	6.879747742582773E-5	0.0	0.0	0.0
8	0.0	6.879747742582773E-5	0.0	0.0	0.0
9	0.0	8.026372366346567E-5	0.0	0.0	0.0
10	0.0	8.026372366346567E-5	0.0	0.0	0.0
11	0.0	8.026372366346567E-5	0.0	0.0	0.0
12	0.0	8.026372366346567E-5	0.0	0.0	0.0
13	0.0	8.026372366346567E-5	0.0	0.0	0.0
14	0.0	8.026372366346567E-5	0.0	0.0	0.0
>>END_MODULE
