##FastQC	0.11.9
>>Basic Statistics	pass
#Measure	Value
Filename	trimmed_control1.fastq
File type	Conventional base calls
Encoding	Sanger / Illumina 1.9
Total Sequences	10576239
Sequences flagged as poor quality	0
Sequence length	18-25
%GC	49
>>END_MODULE
>>Per base sequence quality	pass
#Base	Mean	Median	Lower Quartile	Upper Quartile	10th Percentile	90th Percentile
1	30.0	30.0	30.0	30.0	30.0	30.0
2	30.0	30.0	30.0	30.0	30.0	30.0
3	30.0	30.0	30.0	30.0	30.0	30.0
4	30.0	30.0	30.0	30.0	30.0	30.0
5	30.0	30.0	30.0	30.0	30.0	30.0
6	30.0	30.0	30.0	30.0	30.0	30.0
7	30.0	30.0	30.0	30.0	30.0	30.0
8	30.0	30.0	30.0	30.0	30.0	30.0
9	30.0	30.0	30.0	30.0	30.0	30.0
10	30.0	30.0	30.0	30.0	30.0	30.0
11	30.0	30.0	30.0	30.0	30.0	30.0
12	30.0	30.0	30.0	30.0	30.0	30.0
13	30.0	30.0	30.0	30.0	30.0	30.0
14	30.0	30.0	30.0	30.0	30.0	30.0
15	30.0	30.0	30.0	30.0	30.0	30.0
16	30.0	30.0	30.0	30.0	30.0	30.0
17	30.0	30.0	30.0	30.0	30.0	30.0
18	30.0	30.0	30.0	30.0	30.0	30.0
19	30.0	30.0	30.0	30.0	30.0	30.0
20	30.0	30.0	30.0	30.0	30.0	30.0
21	30.0	30.0	30.0	30.0	30.0	30.0
22	30.0	30.0	30.0	30.0	30.0	30.0
23	30.0	30.0	30.0	30.0	30.0	30.0
24	30.0	30.0	30.0	30.0	30.0	30.0
25	30.0	30.0	30.0	30.0	30.0	30.0
>>END_MODULE
>>Per sequence quality scores	pass
#Quality	Count
30	1.0576239E7
>>END_MODULE
>>Per base sequence content	fail
#Base	G	A	T	C
1	2.060155788839492	16.78720573542258	71.76165364644275	9.390984829295178
2	16.276487845041785	19.585761225254508	13.738700002335428	50.399050927368286
3	13.396520256397382	24.69763589873489	18.834029752920674	43.071814091947054
4	22.166807564477413	22.184479279606716	8.879909207663266	46.768803948252604
5	22.27721971865424	36.007544837063534	28.90081247218411	12.814422972098116
6	50.49223277809344	15.149073038427677	20.061406293185314	14.297287890293575
7	10.250708674999036	41.63257574897888	22.16075139597816	25.95596418004392
8	42.14206918865949	23.569627427132943	11.906180406918809	22.382122977288752
9	20.920631615832434	45.31509736116969	24.616416100279125	9.147854922718746
10	10.517273673562029	26.08845166982327	18.88577782707066	44.508496829544036
11	19.312394509995475	7.028320748046636	12.954841508403886	60.70444323355401
12	15.514305227028247	9.610561939835135	18.339903249160688	56.535229583975934
13	23.19646899053624	14.76810423818902	41.78324638843733	20.252180382837416
14	28.03132569148636	39.60742566426496	18.58968013109386	13.771568513154818
15	26.084603420932527	42.290619567125894	20.13690310894071	11.48787390300087
16	9.543175036040696	22.0577277045271	17.470463744247837	50.928633515184366
17	13.603730021607872	15.740264568529513	55.26831418994975	15.387691219912863
18	16.603614952347424	9.238879718962478	44.09054107041265	30.066964258277444
19	44.70318257554871	9.92929048343982	28.59193268043585	16.775594260575623
20	31.931007168592796	7.076400400686576	42.705418280518096	18.287174150202535
21	30.19030784283889	13.551660811367302	31.595322731901028	24.66270861389278
22	21.42562426836988	29.800766637114002	42.34143142131009	6.432177673206034
23	14.863930625777567	27.693552862997638	31.9459285633451	25.496587947879696
24	4.2498456368875965	31.60490295521002	52.02182941188913	12.123421996013253
25	6.756669046537287	18.906990329071203	48.0901538261829	26.246186798208605
>>END_MODULE
>>Per sequence GC content	warn
#GC Content	Count
0	2673.0
1	2673.0
2	2040.0
3	815.5
4	224.0
5	224.0
6	227.0
7	261.0
8	394.5
9	497.0
10	503.5
11	488.0
12	468.0
13	444.0
14	390.0
15	383.0
16	412.0
17	443.0
18	621.0
19	970.0
20	1364.0
21	2070.5
22	2620.5
23	2903.5
24	3577.0
25	4958.0
26	6624.5
27	8705.0
28	13828.0
29	18415.0
30	44734.5
31	104982.0
32	139735.0
33	210513.0
34	386043.0
35	492809.5
36	511872.5
37	513904.0
38	503918.0
39	652202.0
40	968290.0
41	1200201.5
42	1270549.5
43	1404910.0
44	1483828.5
45	1709993.0
46	2099770.5
47	2224637.0
48	2853615.5
49	3477170.0
50	3519844.5
51	3562519.0
52	3017206.0
53	2360441.0
54	2033576.5
55	1623286.0
56	1360883.5
57	1201813.5
58	1091934.0
59	1047512.5
60	1022771.0
61	862247.0
62	698267.5
63	591482.0
64	417077.5
65	342179.0
66	271758.0
67	181700.5
68	152990.0
69	133582.5
70	86663.5
71	52280.0
72	48548.5
73	45063.5
74	36766.0
75	24865.5
76	18442.5
77	18375.0
78	20089.5
79	21729.5
80	19316.0
81	14980.0
82	10824.0
83	7454.5
84	5959.5
85	5461.0
86	4690.5
87	3590.5
88	2543.0
89	1787.5
90	1461.5
91	1356.0
92	1049.5
93	584.5
94	404.5
95	383.0
96	383.0
97	304.5
98	158.0
99	90.0
100	90.0
>>END_MODULE
>>Per base N content	pass
#Base	N-Count
1	0.0
2	1.8910313959433027E-4
3	0.0
4	1.512825116754642E-4
5	0.0
6	0.004254820640872431
7	0.01489187224305351
8	2.458340814726293E-4
9	0.0
10	0.0
11	0.0
12	0.0
13	0.0
14	0.0
15	0.0
16	0.0
17	0.0
18	0.0
19	5.753805590992072E-5
20	0.0
21	0.0
22	0.0
23	0.0
24	0.0
25	0.0
>>END_MODULE
>>Sequence Length Distribution	warn
#Length	Count
18	148358.0
19	452004.0
20	1025011.0
21	2254347.0
22	4019098.0
23	1684632.0
24	807905.0
25	184884.0
>>END_MODULE
>>Sequence Duplication Levels	fail
#Total Deduplicated Percentage	1.426172954041436
#Duplication Level	Percentage of deduplicated	Percentage of total
1	58.323746118019784	0.8317974929189901
2	16.62533578590133	0.47421208499419404
3	6.764465713011744	0.289418941453139
4	3.5116513851755653	0.20032888918238145
5	2.1526816800433024	0.15350481953691192
6	1.5729591109367285	0.13459870450986147
7	1.1756900422413084	0.11737161384062712
8	0.8727219206370032	0.09957219196892725
9	0.7011151733627202	0.08999203481261857
>10	5.580008120052243	1.6529208545999259
>50	0.9567453473509525	0.9619236087257195
>100	1.1066929538012404	3.4090250213168423
>500	0.23686413939271153	2.388140927764992
>1k	0.2813176333403633	9.026309921362447
>5k	0.04909788883770491	4.987322730682799
>10k+	0.08890698789530349	75.18356016232963
>>END_MODULE
>>Overrepresented sequences	fail
#Sequence	Count	Percentage	Possible Source
TCCCTGAGACCCTAACTTGTGA	810453	7.662960339682187	No Hit
TCACAGTGAACCGGTCTCTTT	378479	3.5785783585261264	No Hit
TCCCTGAGACCCTAACTTGTG	354098	3.348052176203658	No Hit
TCCCTGAGACCCTAACTTGT	340814	3.2224498708851037	No Hit
TCCCGGAGACCCTAACTTGTGA	271458	2.5666780033998853	No Hit
TTCAAGTAATCCAGGATAGGCT	269484	2.5480135235219246	No Hit
TAAGGCACGCGGTGAATGC	228314	2.158744710666996	No Hit
TCACAGTGAACCGGTCTCTTTT	220432	2.0842191633528704	No Hit
TCGGATCCGTCTGAGCTTGGCT	202403	1.9137521381655613	No Hit
TTTGAACCATCACTCGACTCCT	182353	1.7241762407222454	No Hit
TGTAAACATCCTACACTCTCAGCT	176417	1.6680504288906481	No Hit
TCGGATCCGTCTGAGCTTGG	170298	1.610194323331763	No Hit
TCCCTGAGACCCTTTAACCTGT	134714	1.2737420173655305	No Hit
ACTAATCCTAGCCCTAGCCCT	131873	1.2468799163861557	No Hit
TCCCTGAGACCCTAACTTGTGAA	128585	1.215791360236848	No Hit
TCCCTGAGACCCTTTAACCTGTG	118002	1.115727433920508	No Hit
CACCCGTAGAACCGACCTTGCG	117399	1.1100259742617389	No Hit
TAGCACCATCTGAAATCGGTT	104245	0.9856528393505479	No Hit
TGTAAACATCCTACACTCTCAGC	103033	0.9741931890911316	No Hit
AACCCGTAGATCCGATCTTGT	101484	0.9595471509295507	No Hit
TCGGATCCGTCTGAGCTTGGC	90097	0.8518812784015186	No Hit
TCTACAGTGCACGTGTCTCCAGT	88502	0.8368003030188708	No Hit
TCTTTGGTTATCTAGCTGTATGA	87805	0.8302100586040084	No Hit
CAACGGAATCCCAAAAGCAGCT	83297	0.7875862109394465	No Hit
TGAGGTAGTAGGTTGTATGGTT	80955	0.7654422332929504	No Hit
TGAGGTAGTAGTTTGTACAGTT	73764	0.6974501994518089	No Hit
TTTGAACCATCACTCGACTCC	73686	0.6967126972073909	No Hit
TTAAGGCACGCGGTGAATGC	72417	0.6847141030001308	No Hit
AACATTCAACGCTGTCGGTGAGT	69551	0.6576156230962632	No Hit
TCCCTGAGACCCTTTAACCTGTGA	66778	0.6313964727915093	No Hit
ACTAATCCTAGCCCTAGCCC	65091	0.6154456229667276	No Hit
TCCCTGAGACCCTAACTTGTGT	58558	0.5536750824182396	No Hit
TGAGGTAGTAGGTTGTATAGTT	56767	0.5367408962675674	No Hit
TGTAAACATCCCCGACTGGAAGCT	52470	0.4961120867257255	No Hit
CCCTGAGACCCTAACTTGTGA	51187	0.4839811203207492	No Hit
TTCAAGTAATCCAGGATAGGC	50859	0.4808798288314021	No Hit
CAACGGAATCCCAAAAGCAGCTG	50530	0.4777690821850754	No Hit
TTCACAGTGGCTAAGTTCTGC	50245	0.4750743624458562	No Hit
TCTTTGGTTATCTAGCTGTATG	48058	0.4543959341312162	No Hit
CACCCGTAGAACCGACCTTGC	47916	0.45305330184009646	No Hit
TCCCGGAGACCCTAACTTGTG	46960	0.44401417176748753	No Hit
AACCCGTAGATCCGATCTTGTG	46627	0.44086560449324186	No Hit
TAATGTGAATTGCAGGACA	46278	0.43756575470732084	No Hit
TCACAGTGAACCGGTCTCTTTA	44252	0.41840960666641513	No Hit
AAGCCCTTACCCCAAAAAGCAT	42296	0.3999153196140897	No Hit
ACTAATCCTAGCCCTAGCCCTACA	41196	0.3895146469364015	No Hit
TCCCGGAGACCCTAACTTGTGAA	40934	0.3870373958077158	No Hit
CTGGCCCTCTCTGCCCTTCCGT	40890	0.3866213689006083	No Hit
TCGAGGAGCTCACAGTCTAGT	40790	0.3856758532026366	No Hit
AGCAGCATTGTACAGGGCTATGA	40453	0.3824894653004721	No Hit
TCCCTGAGACCCTAACTTGTGAAA	40367	0.3816763218002165	No Hit
TCACAGTGAACCGGTCTCTTTC	38010	0.3593905167990247	No Hit
TAGCACCATCTGAAATCGGTTA	37830	0.3576885885426757	No Hit
AACCCGTAGATCCGAACTTGTG	36811	0.34805378358034456	No Hit
TAACAGTCTACAGCCATGGTCG	36152	0.34182283513071143	No Hit
AGCTACATTGTCTGCTGGGTTTC	36137	0.3416810077760157	No Hit
CTATACGACCTGCTGCCTTTCT	35143	0.33228258173817743	No Hit
TGTAAACATCCCCGACTGGAAGC	32557	0.30783154578863053	No Hit
TCACAGTGAACCGGTCTCTT	32149	0.3039738417409062	No Hit
ATCATGATGGGCTCCTCGGTGT	31856	0.30120348074584924	No Hit
ACTAATCCTAGCCCTAGCCCTA	31731	0.3000215861233847	No Hit
AGAGGTAGTAGGTTGCATAGTT	31513	0.2979603619018065	No Hit
TGAGGTAGTAGGTTGTGTGGTT	30245	0.285971222851526	No Hit
AACATTCAACGCTGTCGGTGAG	29785	0.2816218506408564	No Hit
AACCCGTAGATCCGATCTTGTGA	29646	0.2803075838206758	No Hit
TCGGATCCGTCTGAGCTTGGCTT	29397	0.27795324973272634	No Hit
TCTTTGGTTATCTAGCTGTAT	28706	0.27141973625974225	No Hit
TTCAAGTAATCCAGGATAGGCTT	26972	0.2550244940569138	No Hit
TCCCGGAGACCCTTTAACCTGTGA	26387	0.24949322722377965	No Hit
TGAGGTAGTAGATTGTATAGTT	25962	0.24547478550740015	No Hit
ACTAATCCTAGCCCTAGCCCTACAC	25630	0.24233567339013423	No Hit
TGTAAACATCCCCGACTGGAA	25397	0.2401326218138603	No Hit
TGTAAACATCCCCGACTGGA	24778	0.2342798796434158	No Hit
AACCCGTAGATCCGAACTTGT	24694	0.23348564645711958	No Hit
TGGCTCAGTTCAGCAGGAAC	24384	0.23055454779340748	No Hit
TGAGGTAGTAGTTTGTGCTGTT	24312	0.22987377649086788	No Hit
TCTCACACAGAAATCGCACCCGTC	23638	0.22350100068653894	No Hit
CTTTTTGCGGTCTGGGCTTGC	23631	0.22343481458768094	No Hit
TCGGATCCGTCTGAGCTTGGCTAT	23514	0.2223285612210541	No Hit
CTAGCACCATCTGAAATCGGTT	23099	0.21840467107447176	No Hit
GGAATACCGGGTGCTGTAGGCTTT	22291	0.21076490423486083	No Hit
ACCATTCGTAGACGACCTGCTTC	21362	0.20198106340070415	No Hit
TCCCTGAGACCCTAACTTG	20883	0.19745204320741994	No Hit
ACTAATCCTAGCCCTAGCCCTAC	20443	0.19329177413634469	No Hit
TCTCACACAGAAATCGCACCCGT	20436	0.19322558803748666	No Hit
TCACAGTGAACCGGTCTCTTTTT	20031	0.18939624946070147	No Hit
TGTCTGCCCGAGTGCCTGCCTCT	19204	0.18157683463847593	No Hit
TGAGGTAGTAGTTTGTACAGT	18813	0.17787986825940677	No Hit
TATTGCACTCGTCCCGGCCTCC	18471	0.17464620457234373	No Hit
TCTGGCTCCGTGTCTTCACTCCC	17575	0.16617438391851774	No Hit
AGCTACATCTGGCTACTGGGTCT	17449	0.16498303413907345	No Hit
AGCTACATTGTCTGCTGGGTTT	17303	0.16360258122003485	No Hit
TGAGGTAGTAGGTTGTATGGT	16645	0.15738108792738137	No Hit
AGCTACATCTGGCTACTGGGTCTC	15847	0.1498358726575676	No Hit
TGAGGTAGTAGGTTGTATAGT	15379	0.14541085919106025	No Hit
AAGCTGCCAGTTGAAGAACTGT	15169	0.14342527622531978	No Hit
TCGGATCCGTCTGAGCTTGGCTA	15037	0.1421771955039972	No Hit
CCCGGAGACCCTAACTTGTGA	14740	0.1393690138810214	No Hit
CAACGGAATCCCAAAAGCAGC	14402	0.13617317082187724	No Hit
TCTACAGTGCACGTGTCTCC	14209	0.13434832552479195	No Hit
ATCACATTGCCAGGGATTACCACT	13862	0.1310673860528303	No Hit
TCTACAGTGCACGTGTCTCCA	13713	0.12965856766285255	No Hit
TCAGGCTCAGTCCCCTCCCGAT	13711	0.12963965734889313	No Hit
TAAGGCACGCGGTGAATGA	13559	0.12820247348797623	No Hit
TGAGGTAGGAGGTTGTATAGTT	13186	0.12467569993454194	No Hit
TAGCACCATCTGAAATCGGT	13065	0.12353162593999624	No Hit
TCGGATCCGTCTGAGCTTGGA	13019	0.1230966887189293	No Hit
TGAGGTAGTAGGTTGTGTGGTTT	12949	0.12243482773034912	No Hit
TTATCAGAATCTCCAGGGGTAC	12671	0.11980629408998794	No Hit
TCGGATCCGTCTGAGCTTGGCAT	12669	0.11978738377602852	No Hit
AAGCCCTTACCCCAAAAAGTAT	12648	0.11958882547945446	No Hit
CACCCGTAGAACCGACCTTGCGA	12449	0.11770724924049089	No Hit
TCGGATCCGTCTGAGCTTGGCA	12243	0.11575948690266927	No Hit
TCCCTGAGACCCTTTAACCTG	12082	0.11423720662893493	No Hit
TAATGTGAATTGCAGGACACA	12081	0.1142277514719552	No Hit
AGAATTGTGGCTGGACATCTGT	12004	0.11349970438451704	No Hit
TCCCGGAGACCCTAACTTGTGAAA	11966	0.11314040841928781	No Hit
ACCGTGGCTTTCGATTGTTACT	11855	0.11209088599453927	No Hit
TCTTTGGTTATCTAGCTGTATGT	11800	0.11157085236065485	No Hit
GCCTGCTGGGGTGGAACCTGGT	11622	0.10988783441826533	No Hit
ATTAATGTGAATTGCAGGACA	11602	0.109698731278671	No Hit
TCGGATCCGTCTGAGCTTGGT	11552	0.10922597342968515	No Hit
AATTAATGTGAATTGCAGGACA	11523	0.1089517738772734	No Hit
TGTAAACATCCCCGACTGGAAG	11428	0.10805353396420032	No Hit
TAAGGCACGCGGTGAATG	11371	0.10751459001635648	No Hit
TCTGGCTCCGTGTCTTCACTCC	10986	0.10387435457916562	No Hit
TCCCTGAGACCCTAACTTGTGAT	10742	0.1015672962761148	No Hit
TCCCGGAGACCCTTTAACCTGTG	10658	0.1007730630898186	No Hit
ACCTTGGCTCTAGACTGCTTACT	10631	0.10051777385136626	No Hit
AACATTCAACGCTGTCGGTGA	10624	0.10045158775250825	No Hit
>>END_MODULE
>>Adapter Content	pass
#Position	Illumina Universal Adapter	Illumina Small RNA 3' Adapter	Illumina Small RNA 5' Adapter	Nextera Transposase Sequence	SOLID Small RNA Adapter
1	0.0	0.0	0.0	0.0	0.0
2	0.0	1.8910313959433026E-5	0.0	0.0	0.0
3	0.0	6.61860988580156E-5	0.0	0.0	0.0
4	0.0	9.455156979716514E-5	0.0	0.0	0.0
5	0.0	1.1346188375659817E-4	0.0	0.0	0.0
6	0.0	1.323721977160312E-4	0.0	0.0	0.0
7	0.0	1.323721977160312E-4	0.0	0.0	0.0
8	0.0	1.323721977160312E-4	0.0	0.0	0.0
9	0.0	1.323721977160312E-4	0.0	0.0	0.0
10	0.0	1.323721977160312E-4	0.0	0.0	0.0
11	0.0	1.323721977160312E-4	0.0	0.0	0.0
12	0.0	1.512825116754642E-4	0.0	0.0	0.0
13	0.0	1.6073766865518072E-4	0.0	0.0	0.0
14	0.0	1.6073766865518072E-4	0.0	0.0	0.0
>>END_MODULE
