##FastQC	0.11.9
>>Basic Statistics	pass
#Measure	Value
Filename	trimmed_High2.fastq
File type	Conventional base calls
Encoding	Sanger / Illumina 1.9
Total Sequences	9390432
Sequences flagged as poor quality	0
Sequence length	18-25
%GC	49
>>END_MODULE
>>Per base sequence quality	pass
#Base	Mean	Median	Lower Quartile	Upper Quartile	10th Percentile	90th Percentile
1	30.0	30.0	30.0	30.0	30.0	30.0
2	30.0	30.0	30.0	30.0	30.0	30.0
3	30.0	30.0	30.0	30.0	30.0	30.0
4	30.0	30.0	30.0	30.0	30.0	30.0
5	30.0	30.0	30.0	30.0	30.0	30.0
6	30.0	30.0	30.0	30.0	30.0	30.0
7	30.0	30.0	30.0	30.0	30.0	30.0
8	30.0	30.0	30.0	30.0	30.0	30.0
9	30.0	30.0	30.0	30.0	30.0	30.0
10	30.0	30.0	30.0	30.0	30.0	30.0
11	30.0	30.0	30.0	30.0	30.0	30.0
12	30.0	30.0	30.0	30.0	30.0	30.0
13	30.0	30.0	30.0	30.0	30.0	30.0
14	30.0	30.0	30.0	30.0	30.0	30.0
15	30.0	30.0	30.0	30.0	30.0	30.0
16	30.0	30.0	30.0	30.0	30.0	30.0
17	30.0	30.0	30.0	30.0	30.0	30.0
18	30.0	30.0	30.0	30.0	30.0	30.0
19	30.0	30.0	30.0	30.0	30.0	30.0
20	30.0	30.0	30.0	30.0	30.0	30.0
21	30.0	30.0	30.0	30.0	30.0	30.0
22	30.0	30.0	30.0	30.0	30.0	30.0
23	30.0	30.0	30.0	30.0	30.0	30.0
24	30.0	30.0	30.0	30.0	30.0	30.0
25	30.0	30.0	30.0	30.0	30.0	30.0
>>END_MODULE
>>Per sequence quality scores	pass
#Quality	Count
30	9390432.0
>>END_MODULE
>>Per base sequence content	fail
#Base	G	A	T	C
1	2.1617535806659376	17.969269145445065	71.03585862716433	8.833118646724666
2	19.885864457094225	19.054516659222905	15.709499070009054	45.350119813673814
3	13.3520161798733	28.176307543678504	20.671711376004854	37.79996490044334
4	23.827989431360013	24.451273387790945	10.011859955616483	41.70887722523256
5	29.15808346197491	39.12388695216578	18.835981134840228	12.88204845101908
6	47.41748373913262	15.732732639348892	21.34043689752576	15.509346723992728
7	11.321087102646226	37.32520023257109	25.245679578679507	26.108033086103173
8	38.82596706998987	23.553733221829397	15.504258018374294	22.11604168980643
9	20.57314296083503	40.327867770087686	29.739185588053886	9.359803681023408
10	11.678248668431868	30.582075457231362	19.219041253906102	38.52063462043066
11	21.835875069432376	6.126267673308321	14.688663950710682	57.34919330654862
12	16.647966781506966	11.449228320912178	18.84332903960116	53.0594758579797
13	25.193516123645853	15.683517009654082	39.28961947650545	19.833347390194614
14	31.008871583330777	34.953684771904	19.014418080020175	15.023025564745051
15	29.590388343197453	37.575463788616304	20.472595986275817	12.361551881910424
16	9.613966641790283	22.96648333111831	19.70425854742359	47.71529147966781
17	14.727746284728966	16.518963131834617	54.35634910087204	14.39694148256438
18	18.85169926154622	10.223757543848889	39.2476618754068	31.676881319198095
19	41.55543681832848	10.76511183827774	32.00714063101249	15.672310712381291
20	32.43891100606251	9.373766705149311	38.39326276518899	19.794059523599195
21	24.07819956727054	13.741496984494416	37.66812903263991	24.51217441559513
22	23.674555644086922	26.46058392504337	43.596513093854625	6.268347337015085
23	11.753616450028408	29.816152954008263	30.780870505022513	27.649360090940817
24	4.5657057614356304	27.835099605308137	56.11517099614187	11.484023637114355
25	6.2302843715197	17.916513606334657	49.363560562329084	26.48964145981656
>>END_MODULE
>>Per sequence GC content	pass
#GC Content	Count
0	2227.0
1	2227.0
2	1688.0
3	669.5
4	190.0
5	190.0
6	194.0
7	214.5
8	294.0
9	357.0
10	354.5
11	341.0
12	321.0
13	299.5
14	281.0
15	292.5
16	333.5
17	389.5
18	598.5
19	930.0
20	1307.5
21	2249.5
22	3004.0
23	3289.0
24	3986.5
25	5555.5
26	6900.0
27	7584.5
28	12742.5
29	17938.5
30	46873.0
31	114981.5
32	154655.0
33	249572.0
34	462611.5
35	585028.0
36	598956.5
37	577478.5
38	554045.5
39	709633.0
40	1023477.5
41	1245787.5
42	1315732.5
43	1448381.5
44	1513271.0
45	1742522.0
46	2105203.5
47	2189807.0
48	2355830.5
49	2516493.0
50	2381292.5
51	2246092.0
52	2104579.5
53	2003563.0
54	1863375.5
55	1695329.5
56	1663722.0
57	1398729.5
58	1107599.0
59	1006934.5
60	904676.5
61	676387.5
62	518007.0
63	439774.0
64	317582.0
65	266748.5
66	219962.0
67	158448.5
68	134197.0
69	116247.0
70	76144.0
71	46323.5
72	42614.5
73	39546.5
74	31771.5
75	21180.5
76	15725.5
77	15501.5
78	17064.5
79	18478.5
80	16442.0
81	13049.0
82	9949.0
83	7254.5
84	5953.5
85	5439.0
86	4655.0
87	3597.0
88	2602.0
89	1853.5
90	1520.0
91	1421.0
92	1203.5
93	753.5
94	484.5
95	448.0
96	448.0
97	349.0
98	159.0
99	68.0
100	68.0
>>END_MODULE
>>Per base N content	pass
#Base	N-Count
1	0.0
2	1.9168447202429025E-4
3	0.0
4	9.584223601214512E-5
5	0.0
6	0.004302251483211848
7	0.01570747756865712
8	3.3012325737516657E-4
9	0.0
10	0.0
11	0.0
12	0.0
13	0.0
14	0.0
15	1.0649137334682793E-5
16	0.0
17	0.0
18	0.0
19	4.315100272681974E-5
20	0.0
21	0.0
22	0.0
23	0.0
24	0.0
25	0.0
>>END_MODULE
>>Sequence Length Distribution	warn
#Length	Count
18	120659.0
19	383516.0
20	776340.0
21	1984028.0
22	3607328.0
23	1617605.0
24	729455.0
25	171501.0
>>END_MODULE
>>Sequence Duplication Levels	fail
#Total Deduplicated Percentage	1.614223695618267
#Duplication Level	Percentage of deduplicated	Percentage of total
1	58.2884988112633	0.9409067596315841
2	15.761267086387388	0.508844216076296
3	6.523606864699946	0.3159168234568993
4	3.7247694715197994	0.2405044456657116
5	2.3993615429214747	0.1936553128469525
6	1.7328737677600212	0.1678347538460119
7	1.2719774578471927	0.14372793069244563
8	0.9894974171237371	0.12778161419793668
9	0.7918421016497075	0.11503892553040135
>10	5.796496728030571	1.9092529036395904
>50	0.9508435545393243	1.0869893789272433
>100	1.1119587123918209	3.8431757643142253
>500	0.2344093485149029	2.6452384304423484
>1k	0.27864998612194086	9.625494534408755
>5k	0.0660308023985642	7.644281053254594
>10k+	0.07791634683030574	70.491357153069
>>END_MODULE
>>Overrepresented sequences	fail
#Sequence	Count	Percentage	Possible Source
TCCCGGAGACCCTAACTTGTGA	451796	4.811237651260346	No Hit
TCACAGTGAACCGGTCTCTTT	435012	4.632502530235031	No Hit
TCCCTGAGACCCTAACTTGTGA	313618	3.3397611526285482	No Hit
TTCAAGTAATCCAGGATAGGCT	286124	3.046973770748779	No Hit
TCACAGTGAACCGGTCTCTTTT	225377	2.4000706250788038	No Hit
TAAGGCACGCGGTGAATGC	219663	2.339221454348426	No Hit
TGTAAACATCCTACACTCTCAGCT	177882	1.8942898473680445	No Hit
TTTGAACCATCACTCGACTCCT	158940	1.6925738879744827	No Hit
TCGGATCCGTCTGAGCTTGGCT	153502	1.634663879148478	No Hit
TCTTTGGTTATCTAGCTGTATGA	136001	1.4482933266541944	No Hit
TCCCGGAGACCCTAACTTGTG	135534	1.4433201795188975	No Hit
TCGGATCCGTCTGAGCTTGG	125670	1.3382770888495865	No Hit
ACTAATCCTAGCCCTAGCCCT	124863	1.3296832350204975	No Hit
TCCCTGAGACCCTAACTTGT	108151	1.1517148518832787	No Hit
TGAGGTAGTAGTTTGTACAGTT	105726	1.1258906938466728	No Hit
TGTAAACATCCTACACTCTCAGC	101055	1.0761485733563696	No Hit
TCCCTGAGACCCTAACTTGTG	99494	1.0595252699769298	No Hit
AACCCGTAGATCCGATCTTGT	82561	0.879203427488746	No Hit
TGAGGTAGTAGGTTGTATGGTT	82258	0.8759767388763371	No Hit
TAGCACCATCTGAAATCGGTT	82171	0.8750502639282197	No Hit
TCCCGGAGACCCTAACTTGT	81570	0.8686501323900753	No Hit
TCCCGGAGACCCTAACTTGTGAA	80262	0.8547210607563102	No Hit
TTAAGGCACGCGGTGAATGC	76578	0.8154896388153388	No Hit
TCTTTGGTTATCTAGCTGTATG	75001	0.7986959492385441	No Hit
CACCCGTAGAACCGACCTTGCG	73498	0.7826902958245159	No Hit
TCTACAGTGCACGTGTCTCCAGT	71578	0.7622439521419249	No Hit
TCCCTGAGACCCTTTAACCTGT	67326	0.7169638201948537	No Hit
CAACGGAATCCCAAAAGCAGCT	64322	0.6849738116414665	No Hit
TGAGGTAGTAGGTTGTATAGTT	62819	0.6689681582274384	No Hit
AGCAGCATTGTACAGGGCTATGA	62736	0.6680842798286597	No Hit
TTTGAACCATCACTCGACTCC	61674	0.6567748959792264	No Hit
TCGGATCCGTCTGAGCTTGGC	58445	0.6223888315255358	No Hit
TAACAGTCTACAGCCATGGTCG	57192	0.6090454624451782	No Hit
TCCCTGAGACCCTAACTTGTGAA	56458	0.6012289956415211	No Hit
TCCCTGAGACCCTTTAACCTGTG	56027	0.5966392174502728	No Hit
TGTAAACATCCCCGACTGGAAGCT	55416	0.5901325945387816	No Hit
AAGCCCTTACCCCAAAAAGCAT	52493	0.5590051661095038	No Hit
ACTAATCCTAGCCCTAGCCC	51994	0.5536912465794971	No Hit
AGCTACATTGTCTGCTGGGTTTC	48977	0.5215627992407591	No Hit
TTCAAGTAATCCAGGATAGGC	48540	0.5169091262255028	No Hit
TCCCTGAGACCCTTTAACCTGTGA	46203	0.49202209227434907	No Hit
TCTTTGGTTATCTAGCTGTAT	46026	0.49013719496611025	No Hit
AACATTCAACGCTGTCGGTGAGT	44124	0.4698825357555435	No Hit
TAGCACCATCTGAAATCGGTTA	42928	0.4571461675032629	No Hit
TTCACAGTGGCTAAGTTCTGC	40557	0.43189706288273	No Hit
TCACAGTGAACCGGTCTCTTTA	39856	0.4244320176111174	No Hit
TTCCCTTTGTCATCCTATGCCT	38276	0.4076063806223186	No Hit
ACTAATCCTAGCCCTAGCCCTACA	37730	0.4017919516375817	No Hit
CAACGGAATCCCAAAAGCAGCTG	37609	0.40050340602008516	No Hit
TGAGGTAGTAGATTGTATAGTT	37262	0.39680815536495023	No Hit
CTGGCCCTCTCTGCCCTTCCGT	35616	0.37927967531206236	No Hit
AACCCGTAGATCCGATCTTGTG	35033	0.37307122824594224	No Hit
TTCAAGTAATCCAGGATAGGCTT	34068	0.36279481071797337	No Hit
TGAGGTAGTAGTTTGTGCTGTT	33514	0.3568951886345591	No Hit
AACCCGTAGATCCGAACTTGTG	32899	0.3503459691737292	No Hit
AGAGGTAGTAGGTTGCATAGTT	32821	0.3495153364616239	No Hit
TCACAGTGAACCGGTCTCTT	32298	0.34394583763558484	No Hit
ACTAATCCTAGCCCTAGCCCTA	31562	0.3361080725572583	No Hit
TCACAGTGAACCGGTCTCTTTC	30428	0.324031950819728	No Hit
TCGAGGAGCTCACAGTCTAGT	30188	0.32147615785940414	No Hit
ATCATGATGGGCTCCTCGGTGT	29888	0.3182814166589993	No Hit
TGTAAACATCCCCGACTGGAAGC	29322	0.31225400492756883	No Hit
TGAGGTAGTAGGTTGTGTGGTT	28028	0.2984740212164893	No Hit
CTATACGACCTGCTGCCTTTCT	26806	0.2854607753935069	No Hit
CACCCGTAGAACCGACCTTGC	25661	0.2732675131452951	No Hit
ACTAATCCTAGCCCTAGCCCTACAC	25429	0.27079691328364874	No Hit
TCGGATCCGTCTGAGCTTGGCTT	24471	0.2605950397170226	No Hit
CTTTTTGCGGTCTGGGCTTGC	24291	0.2586781949967797	No Hit
TGAGGTAGTAGTTTGTACAGT	24285	0.2586143001727716	No Hit
AACCCGTAGATCCGATCTTGTGA	24108	0.2567294028645327	No Hit
AGCTACATTGTCTGCTGGGTTT	23534	0.2506167980344248	No Hit
TCACAGTGAACCGGTCTCTTTTT	22787	0.2426618924454168	No Hit
CCCGGAGACCCTAACTTGTGA	22674	0.2414585399265976	No Hit
CTAGCACCATCTGAAATCGGTT	22545	0.24008480121042353	No Hit
AACCCGTAGATCCGAACTTGT	21914	0.2333651955522387	No Hit
TGTAAACATCCCCGACTGGAA	21356	0.2274229769194857	No Hit
ACTAATCCTAGCCCTAGCCCTAC	21125	0.22496302619517397	No Hit
AACATTCAACGCTGTCGGTGAG	20977	0.22338695386964094	No Hit
TCCCGGAGACCCTAACTTGTGAAA	20732	0.22077791522264362	No Hit
TCCCGGAGACCCTAACTTGTGT	18978	0.20209932833761005	No Hit
TCGGATCCGTCTGAGCTTGGCTAT	18916	0.2014390818228597	No Hit
TGGCTCAGTTCAGCAGGAAC	18364	0.1955607580141148	No Hit
ACCATTCGTAGACGACCTGCTTC	18315	0.19503895028471532	No Hit
TCTTTGGTTATCTAGCTGTATGT	18174	0.19353742192052506	No Hit
CCCTGAGACCCTAACTTGTGA	18095	0.19269614007108513	No Hit
AGCTACATCTGGCTACTGGGTCT	16788	0.17877771757465472	No Hit
AAGCTGCCAGTTGAAGAACTGT	16430	0.17496532640883827	No Hit
TGAGGTAGTAGGTTGTATGGT	16286	0.17343185063264394	No Hit
TGAGGTAGTAGGTTGTATAGT	15944	0.16978984566418243	No Hit
TGTAAACATCCCCGACTGGA	15911	0.16943842413213792	No Hit
AGCTACATCTGGCTACTGGGTCTC	15814	0.16840545781067368	No Hit
ATCACATTGCCAGGGATTACCACT	14864	0.15828877734272503	No Hit
TCCCTGAGACCCTAACTTGTGAAA	14557	0.1550194921809774	No Hit
TGTAAACATCCCCGACTGGAAG	14252	0.15177150529389916	No Hit
TTCCCTTTGTCATCCTATGCCTG	14048	0.14959908127762386	No Hit
TCCCTGAGACCCTAACTTGTGT	14034	0.1494499933549383	No Hit
TGAGGTAGTAGGTTGTGTGGTTT	13792	0.14687290211994505	No Hit
TGAGGTAGGAGGTTGTATAGTT	13764	0.14657472627457396	No Hit
TCTACAGTGCACGTGTCTCCA	13491	0.14366751178220555	No Hit
TAAGGCACGCGGTGAATGA	13401	0.1427090894220841	No Hit
TCTCACACAGAAATCGCACCCGT	13105	0.139556944771018	No Hit
TATTGCACTCGTCCCGGCCTCC	13102	0.13952499735901394	No Hit
AGAATTGTGGCTGGACATCTGT	13093	0.1394291551230018	No Hit
TCTCACACAGAAATCGCACCCGTC	12579	0.13395549853297484	No Hit
GGAATACCGGGTGCTGTAGGCTTT	12499	0.13310356754620023	No Hit
AAGCCCTTACCCCAAAAAGTAT	12054	0.12836470143226636	No Hit
ACCGTGGCTTTCGATTGTTACT	11666	0.12423283614640945	No Hit
TCTACAGTGCACGTGTCTCCAG	11616	0.12370037927967531	No Hit
TCCCGGAGACCCTTTAACCTGTG	11615	0.12368973014234062	No Hit
TGCGGGGCTAGGGCTAACAGC	11587	0.12339155429696952	No Hit
CAACGGAATCCCAAAAGCAGC	11541	0.12290169397957411	No Hit
TGTCTGCCCGAGTGCCTGCCTCT	11433	0.12175158714742836	No Hit
TCGGATCCGTCTGAGCTTGGCTA	11359	0.12096355098466184	No Hit
TGAGGTAGTAGGTTGTATGGTTT	11267	0.11998383034987102	No Hit
TCGGATCCGTCTGAGCTTGGA	11190	0.11916384677510045	No Hit
TCTGGCTCCGTGTCTTCACTCCC	10912	0.11620338659605862	No Hit
TGTAAACATCCTCGACTGGAAGCT	10781	0.11480834960521519	No Hit
TGAGGTAGTAGTTTGTGCTGTTT	10560	0.11245489025425029	No Hit
TAGCACCATCTGAAATCGGT	9973	0.10620384663879148	No Hit
TCTACAGTGCACGTGTCTCC	9949	0.10594826734275911	No Hit
TCGGATCCGTCTGAGCTTGGCAT	9911	0.10554360012404115	No Hit
AGCTACATTGTCTGCTGGGTTTCT	9898	0.10540516133869028	No Hit
TGAGGTAGTAGATTGTATAGT	9830	0.10468101999993186	No Hit
AGCTACATCTGGCTACTGGGTCTCT	9826	0.10463842345059313	No Hit
AACATTCAACGCTGTCGGTGA	9730	0.10361610626646357	No Hit
TCCCGGAGACCCTTTAACCTGTGA	9605	0.10228496409962823	No Hit
ATCACATTGCCAGGGATTACCAC	9465	0.10079408487277262	No Hit
>>END_MODULE
>>Adapter Content	pass
#Position	Illumina Universal Adapter	Illumina Small RNA 3' Adapter	Illumina Small RNA 5' Adapter	Nextera Transposase Sequence	SOLID Small RNA Adapter
1	0.0	1.0649137334682793E-5	0.0	0.0	0.0
2	0.0	1.0649137334682793E-5	0.0	0.0	0.0
3	0.0	2.1298274669365586E-5	0.0	0.0	0.0
4	0.0	3.1947412004048375E-5	0.0	0.0	0.0
5	0.0	4.259654933873117E-5	0.0	0.0	0.0
6	0.0	5.324568667341396E-5	0.0	0.0	0.0
7	0.0	8.519309867746234E-5	0.0	0.0	0.0
8	0.0	9.584223601214512E-5	0.0	0.0	0.0
9	0.0	9.584223601214512E-5	0.0	0.0	0.0
10	0.0	9.584223601214512E-5	0.0	0.0	0.0
11	0.0	9.584223601214512E-5	0.0	0.0	0.0
12	0.0	9.584223601214512E-5	0.0	0.0	0.0
13	0.0	9.584223601214512E-5	0.0	0.0	0.0
14	0.0	9.584223601214512E-5	0.0	0.0	0.0
>>END_MODULE
